1	0	0	133.1508614	1.31169276	1620.221779	1
1	0	0	126.7248614	1.30274497	1609.334822	1
1	0	0	131.1738614	1.31903101	1568.978435	1
1	0	0	129.4788614	1.27087816	1695.055281	1
1	0	0	127.2628614	1.32963668	1647.720235	1
1	0	0	131.0588614	1.31040314	2027.211367	1
1	0	0	138.4428614	1.3799056	1918.750472	1
1	0	0	129.3468614	1.30564601	1547.263727	1
1	0	0	139.5428614	1.37466149	1871.055934	1
1	0	0	132.6288614	1.37443436	1884.680458	1
1	0	0	128.6848614	1.31939425	1624.011556	1
1	0	0	129.3468614	1.21089933	1635.044099	1
1	0	0	141.0728614	1.3362162	2180.629149	1
1	0	0	130.8108614	1.24891175	1627.671359	1
1	0	0	131.8688614	1.29906355	1677.247402	1
1	0	0	128.6188614	1.2258792	1517.039218	1
1	0	0	127.1298614	1.27032101	1739.283124	1
1	0	0	135.8468614	1.36688949	1640.186583	1
1	0	0	127.7588614	1.3621881	1549.720967	1
1	0	0	134.3248614	1.30199634	1785.058233	1
1	0	0	127.9238614	1.32746906	1560.581747	1
1	0	0	128.8008614	1.24259837	1519.847054	1
1	0	0	132.4228614	1.23697413	1655.205001	1
1	0	0	129.2888614	1.25540818	1590.042076	1
1	0	0	136.1108614	1.2721217	1819.020085	1
1	0	0	131.3228614	1.2625071	1662.386954	1
1	0	0	134.2588614	1.27744906	1655.186876	1
1	0	0	134.5068614	1.3629774	1745.600125	1
1	0	0	131.7028614	1.33715462	1855.10493	1
1	0	0	134.8208614	1.2491434	1623.20697	1
1	0	0	130.3228614	1.25801767	1679.91193	1
1	0	0	128.4698614	1.30433057	1668.804985	1
1	0	0	129.8178614	1.29636731	1791.835534	1
1	0	0	123.2688614	1.17555899	1647.619186	1
1	0	0	123.3428614	1.3432221	1700.900026	1
1	0	0	133.0348614	1.25094805	1718.367277	1
1	0	0	129.1648614	1.23461166	1630.91695	1
1	0	0	133.2328614	1.3696479	1747.263857	1
1	0	0	130.1568614	1.28770643	1668.600995	1
1	0	0	123.8878614	1.28820481	1664.23941	1
1	0	0	130.6948614	1.34355699	1685.056222	1
1	0	0	122.4488614	1.21294021	1618.527005	1
1	0	0	127.9488614	1.31795585	1595.632139	1
1	0	0	132.9768614	1.30284839	1628.679826	1
1	0	0	128.9168614	1.21901707	1648.696015	1
1	0	0	136.2268614	1.32988651	1877.636421	1
1	0	0	134.8208614	1.27699841	1897.196661	1
1	0	0	134.2498614	1.28543183	1949.581306	1
1	0	0	125.1368614	1.2985483	1622.168475	1
1	0	0	130.5788614	1.26868603	1596.788072	1
1	0	0	124.3848614	1.36477753	1788.18042	1
1	0	0	134.8048614	1.29223553	1619.933005	1
1	0	0	124.1368614	1.2636163	1560.034174	1
1	0	0	128.1228614	1.23895895	1508.249286	1
1	0	0	127.7668614	1.23262291	1604.780162	1
1	0	0	131.1988614	1.28776053	1697.677432	1
1	0	0	128.8588614	1.27018625	1632.641545	1
1	0	0	133.2828614	1.29113439	1777.046545	1
1	0	0	133.3068614	1.30765993	1829.529741	1
1	0	0	126.7748614	1.34214376	1730.012685	1
1	0	0	127.9488614	1.3241497	1652.673224	1
1	0	0	129.5528614	1.32046743	1764.701054	1
1	0	0	127.6508614	1.2699622	1653.768568	1
1	0	0	132.7948614	1.30028123	1549.259053	1
1	0	0	130.1568614	1.42810916	1849.047453	1
1	0	0	136.8228614	1.26906209	1799.855201	1
1	0	0	133.0188614	1.29469852	1813.312452	1
1	0	0	135.3008614	1.30683607	1690.068384	1
1	0	0	125.3108614	1.28310706	1573.404626	1
1	0	0	135.8628614	1.3408642	1733.270959	1
1	0	0	130.9588614	1.34896079	1755.422128	1
1	0	0	130.1408614	1.29312713	1601.576424	1
1	0	0	124.9968614	1.21806978	1692.167937	1
1	0	0	128.9248614	1.20101124	1605.448565	1
1	0	0	134.0188614	1.34507793	1871.813126	1
1	0	0	129.6768614	1.27359277	1830.097057	1
1	0	0	128.6678614	1.27219284	1640.830426	1
1	0	0	126.9988614	1.26663038	1542.462627	1
1	0	0	132.6788614	1.32660085	1617.683221	1
1	0	0	123.9458614	1.23928321	1634.678494	1
1	0	0	130.2308614	1.31710131	1669.673789	1
1	0	0	128.9738614	1.31114707	1752.911256	1
1	0	0	124.4258614	1.27657056	1701.558585	1
1	0	0	132.2158614	1.26304954	1757.956207	1
1	0	0	131.8028614	1.30882969	1766.959705	1
1	0	0	127.4608614	1.29241335	1608.963832	1
1	0	0	130.5788614	1.21708303	1620.643384	1
1	0	0	126.2788614	1.21050553	1514.355177	1
1	0	0	125.6008614	1.16434637	1497.753302	1
1	0	0	130.6608614	1.35955542	1859.826849	1
1	0	0	134.9368614	1.26462445	1611.208565	1
1	0	0	130.6368614	1.21629652	1601.070959	1
1	0	0	126.9568614	1.27581627	1608.740609	1
1	0	0	136.6488614	1.27365953	1712.383206	1
1	0	0	136.3928614	1.38656855	1885.099585	1
1	0	0	133.2988614	1.35423589	1880.481171	1
1	0	0	125.1868614	1.19658827	1607.212267	1
1	0	0	128.4198614	1.33442301	1634.099606	1
1	0	0	125.0708614	1.27395336	1558.653074	1
1	0	0	131.3728614	1.35867086	1638.356526	1
1	0	0	134.0108614	1.27004236	1758.968752	1
1	0	0	134.2358614	1.36023132	2267.902684	1
1	0	0	131.5548614	1.29439272	1768.849417	1
1	0	0	134.7468614	1.32258533	1753.236205	1
1	0	0	133.4648614	1.29672601	1568.881562	1
1	0	0	134.3908614	1.279433	1651.891693	1
1	0	0	123.2368614	1.36567763	2097.188584	1
1	0	0	121.9868614	1.30344208	2022.701798	1
1	0	0	127.0728614	1.18246997	1636.628705	1
1	0	0	126.8828614	1.22768958	1707.518308	1
1	0	0	131.9348614	1.25178142	1555.877738	1
1	0	0	136.5988614	1.32717551	1711.670697	1
1	0	0	129.1648614	1.26397632	1537.423771	1
1	0	0	131.7948614	1.22374997	1713.431751	1
1	0	0	132.4068614	1.29027876	1694.659385	1
1	0	0	129.3298614	1.30631098	1847.247259	1
1	0	0	125.4428614	1.29821497	1591.472529	1
1	0	0	130.2808614	1.29855226	1705.019387	1
1	0	0	129.0988614	1.27645432	1664.239391	1
1	0	0	128.3048614	1.24511603	1543.955581	1
1	0	0	131.4878614	1.36723077	1914.107054	1
1	0	0	134.4908614	1.29597741	1728.132575	1
1	0	0	132.5968614	1.31671428	1694.231061	1
1	0	0	135.0608614	1.25204255	1652.290596	1
1	0	0	132.6128614	1.27416914	1740.207854	1
1	0	0	132.5968614	1.37410275	1632.047281	1
1	0	0	134.8208614	1.36792542	1872.544549	1
1	0	0	128.7428614	1.29212545	1698.454401	1
1	0	0	127.8168614	1.46108193	1782.537404	1
1	0	0	136.9128614	1.41217499	2092.472544	1
1	0	0	121.5728614	1.24812543	1530.151156	1
1	0	0	139.6668614	1.46325305	2154.437406	1
1	0	0	131.2568614	1.26114043	1719.125603	1
1	0	0	127.9568614	1.28914158	1586.722364	1
1	0	0	122.3008614	1.25893879	1669.417735	1
0	2	0	231.2768614	2.38707988	15215.96441	1
1	0	0	131.5368614	1.35581875	1831.15225	1
1	0	0	124.0208614	1.22100722	1454.976293	1
1	0	0	129.4038614	1.31042281	1731.031579	1
1	0	0	132.5388614	1.27419744	1658.776947	1
1	0	0	135.4328614	1.26648026	1795.471446	1
1	0	0	130.5198614	1.36836636	1861.505678	1
1	0	0	128.2708614	1.23604041	1795.013571	1
1	0	0	131.9348614	1.35630432	1623.238035	1
1	0	0	133.5888614	1.38344967	1666.205493	1
1	0	0	136.6408614	1.30233768	1759.938914	1
1	0	0	139.9728614	1.31327203	1997.273622	1
1	0	0	131.6208614	1.27805214	1881.470567	1
1	0	0	131.2568614	1.23698114	1638.090031	1
1	0	0	127.8828614	1.32794238	1631.551109	1
1	0	0	134.2668614	1.27103474	1794.42567	1
1	0	0	133.3828614	1.27273909	1567.084426	1
1	0	0	130.9588614	1.27922499	1750.990786	1
1	0	0	129.8508614	1.29914115	1551.035202	1
1	0	0	136.9788614	1.30855017	1963.711458	1
1	0	0	126.8828614	1.22624778	1606.8253	1
1	0	0	130.0898614	1.33291948	1734.783871	1
1	0	0	127.1468614	1.21953048	1521.022814	1
1	0	0	126.3948614	1.26536039	1803.287201	1
1	0	0	131.0668614	1.24636898	1795.985887	1
1	0	0	127.4368614	1.19367608	1628.764278	1
1	0	0	132.4728614	1.32788173	1731.645587	1
1	0	0	128.8008614	1.28299999	1566.947169	1
1	0	0	137.8808614	1.3616139	1769.867	1
0	2	0	218.3008614	2.22940129	9370.670736	1
1	0	0	135.9788614	1.30348946	1853.991544	1
1	0	0	126.9988614	1.19220522	1629.070635	1
1	0	0	126.1868614	1.20892583	1580.812573	1
1	0	0	129.8918614	1.28666824	1782.854228	1
1	0	0	129.3628614	1.21777348	1597.345025	1
1	0	0	135.7388614	1.27993452	1949.631773	1
1	0	0	136.0868614	1.4954385	1717.339068	1
1	0	0	121.6568614	1.31800431	1720.433994	1
1	0	0	144.0168614	1.34380209	2256.65348	1
1	0	0	129.0488614	1.33914322	1605.035208	1
1	0	0	130.5128614	1.34887046	1608.475743	1
1	0	0	137.8228614	1.29310001	1945.003749	1
1	0	0	128.1468614	1.2124174	1726.835761	1
1	0	0	127.8738614	1.23006376	1640.155507	1
1	0	0	135.0438614	1.38734426	1924.81049	1
1	0	0	122.9048614	1.20199446	1439.53494	1
1	0	0	128.3548614	1.2002914	1496.383412	1
1	0	0	126.7828614	1.25742287	1604.499945	1
1	0	0	132.4148614	1.31166029	1836.507388	1
1	0	0	125.1708614	1.18094467	1541.397831	1
1	0	0	131.6208614	1.25377614	1853.712744	1
1	0	0	135.1768614	1.28618366	1671.001033	1
1	0	0	128.5028614	1.33892385	1715.132468	1
1	0	0	128.7998614	1.21382606	1650.613831	1
0	2	0	209.4188614	2.02748205	13099.45529	1
1	0	0	127.1388614	1.19219994	1613.15094	1
1	0	0	133.4648614	1.24739161	1628.799461	1
1	0	0	134.2588614	1.30521478	1675.549245	1
1	0	0	126.9398614	1.29046944	1732.9834	1
1	0	0	133.0768614	1.26333133	1767.44919	1
1	0	0	130.0828614	1.29738883	1680.512659	1
1	0	0	132.1248614	1.39193846	1653.62841	1
1	0	0	131.4888614	1.24124726	1614.934225	1
1	0	0	131.5628614	1.26334795	1544.092522	1
1	0	0	125.2198614	1.24423028	1602.840912	1
0	2	0	136.1948614	1.45213425	3334.110374	2
0	2	0	136.8068614	1.44428813	3560.92153	2
0	2	0	130.0848614	1.57623942	3396.473985	2
0	3	1	144.0268614	1.49558253	5471.78575	2
0	3	1	141.4708614	1.5159869	5416.707511	2
0	2	0	126.5608614	1.42808639	3068.573095	2
0	2	0	153.2228614	1.6030661	5853.127996	2
0	2	0	145.6468614	1.40347858	4165.472661	2
0	3	1	146.3828614	1.38184576	2991.356255	2
0	2	0	130.5788614	1.23334767	2197.130197	2
0	3	1	141.2228614	1.40411324	4416.103747	2
0	3	1	146.5568614	1.53227083	5572.131455	2
0	3	1	145.4648614	1.36631204	3670.647131	2
0	3	1	139.2388614	1.4448851	3672.318014	2
0	2	0	138.5348614	1.29265028	3228.25438	2
0	2	0	130.5128614	1.32165322	2872.47141	2
0	2	0	128.0248614	1.43318588	3643.662587	2
0	2	0	137.6168614	1.32842727	3366.231379	2
0	2	0	130.5708614	1.24805079	2838.268786	2
0	2	0	128.5368614	1.54752113	3634.413998	2
0	2	0	136.1028614	1.33914133	3045.174816	2
0	2	0	129.2888614	1.25764533	2621.69057	2
0	2	0	137.1708614	1.28132563	2916.292406	2
0	3	1	133.9608614	1.31407528	3187.257526	2
0	2	0	140.1728614	1.40952129	3187.611963	2
0	2	0	137.6088614	1.35149516	3213.777684	2
0	2	0	139.2048614	1.43009141	3566.38149	2
0	2	0	134.1268614	1.29398062	2989.56261	2
0	3	1	141.9428614	1.42822737	4125.995303	2
0	2	0	132.4068614	1.28113854	2728.172825	2
0	2	0	137.6168614	1.33945175	2890.290471	2
0	3	1	143.3808614	1.3768317	3845.846275	2
0	2	0	132.0928614	1.28263531	2831.14757	2
0	3	1	133.3328614	1.48329243	4427.264998	2
0	2	0	126.7408614	1.2372814	2610.744883	2
0	4	4	155.0748614	1.5129805	4419.579881	2
0	4	2	136.1858614	1.47432151	3943.681013	2
0	3	1	137.7248614	1.49539363	4753.669933	2
0	2	0	142.3888614	1.40355403	3740.200314	2
0	2	0	127.2788614	1.24777472	2630.604228	2
0	3	1	140.3128614	1.48861655	5247.761414	2
0	2	0	122.8548614	1.43780288	2607.936455	2
0	3	1	142.6868614	1.51702495	4909.856848	2
0	2	0	144.1498614	1.28783943	2574.880441	2
0	2	0	136.0868614	1.34061582	3582.058458	2
0	3	1	153.9088614	1.35545472	4170.923374	2
0	3	1	135.1608614	1.29564813	2982.128008	2
0	2	0	141.5288614	1.42135178	4289.40047	2
0	2	0	130.8598614	1.24369409	2297.983986	2
0	2	0	132.2168614	1.29306468	2762.74753	2
0	2	0	132.7208614	1.2856902	2755.062839	2
0	2	0	130.1398614	1.16854874	1942.058817	2
0	2	0	138.9068614	1.40756324	3432.480671	2
0	2	0	130.0678614	1.47237782	3410.535772	2
0	2	0	133.9948614	1.30187541	2844.444322	2
0	2	0	146.5988614	1.48454992	5011.066342	2
0	3	1	139.5848614	1.3147318	4147.567799	2
0	3	1	136.0788614	1.47533756	4657.636548	2
0	3	1	128.7768614	1.33813263	3486.892962	2
0	2	0	133.2088614	1.28889851	2416.307941	2
0	2	0	145.4488614	1.3534669	3350.713203	2
0	3	1	144.9768614	1.3841611	4001.242925	2
0	2	0	136.4998614	1.29144644	2286.769421	2
0	3	1	139.6588614	1.38427079	4088.052863	2
0	3	1	138.0378614	1.28660594	3489.973118	2
0	3	1	142.8268614	1.44449207	3980.193473	2
0	2	0	138.0308614	1.32854015	2935.398334	2
0	3	1	135.6158614	1.34669357	3253.932959	2
0	3	1	150.3548614	1.76573138	6730.247605	2
0	2	0	137.7488614	1.27834212	3213.045328	2
0	3	1	136.5838614	1.35129193	3403.983588	2
0	3	1	136.2938614	1.3164272	2755.237171	2
0	2	0	145.0588614	1.28950965	3239.715038	2
0	3	1	129.9908614	1.23124954	2034.494568	2
0	3	1	135.4828614	1.31167301	3767.82304	2
0	2	0	135.3008614	1.29177986	2295.147814	2
0	3	1	136.3188614	1.43213311	3775.714556	2
0	2	0	146.2338614	1.37582492	3239.991246	2
0	3	1	131.1748614	1.30421065	3276.901804	2
0	3	1	135.2028614	1.35353877	3880.477799	2
0	2	0	135.4748614	1.30016033	3061.816664	2
0	2	0	148.7568614	1.6758622	4918.628047	2
0	3	1	142.4968614	1.60662012	5119.361368	2
0	2	0	137.6828614	1.49604619	4395.574149	2
0	3	1	140.0818614	1.48406818	4474.208679	2
0	2	0	137.1708614	1.29127507	3030.359717	2
0	3	1	130.8188614	1.31881705	3223.869449	2
0	2	0	132.4728614	1.38407053	3238.837287	2
0	3	1	139.5848614	1.29819363	3055.208616	2
0	3	1	136.6168614	1.40443577	3771.59765	2
0	2	0	140.1888614	1.36367406	2842.992478	2
0	3	1	132.6048614	1.26676563	3294.542949	2
0	2	0	139.6928614	1.52127603	4354.333826	2
1	2	2	124.0048614	1.38167139	2819.710042	2
0	2	0	137.5428614	1.27781406	2668.63761	2
0	3	1	143.9768614	1.5242584	4804.798169	2
0	3	1	137.5998614	1.36894197	4152.130618	2
0	2	0	142.7118614	1.34119752	3359.635559	2
0	2	0	139.4198614	1.36105751	2385.083143	2
0	2	0	143.6288614	1.42362064	3550.768024	2
0	3	1	140.5688614	1.33748758	3745.487184	2
0	2	0	139.2618614	1.24106179	2250.276695	2
0	3	1	146.5898614	1.41174207	4624.49115	2
0	2	0	132.5808614	1.33487646	3552.805839	2
0	3	1	157.3168614	1.7514705	6954.974642	2
0	3	1	138.2698614	1.34420823	2626.221609	2
0	3	1	135.1368614	1.42565971	4134.958396	2
0	2	0	138.6268614	1.59119714	4811.324296	2
0	2	0	139.9488614	1.35331737	3198.097891	2
0	3	1	137.2288614	1.42789693	4220.563768	2
0	3	1	133.7208614	1.33200866	3389.70723	2
0	3	1	127.4698614	1.44646638	3753.589891	2
0	2	0	129.0248614	1.41036446	3052.154646	2
0	3	1	141.6108614	1.35826209	4615.541733	2
0	3	1	135.6648614	1.30349332	3242.31528	2
0	2	0	144.4728614	1.35175941	3132.833589	2
0	3	1	142.5288614	1.4083775	4734.158167	2
0	2	0	133.7958614	1.32208368	2805.48196	2
0	3	1	135.2928614	1.34935107	3449.626923	2
0	2	0	125.5348614	1.44934658	3027.626444	2
0	2	0	132.7708614	1.28617456	2900.261136	2
0	2	0	137.7238614	1.28158231	2761.859542	2
0	3	1	144.3988614	1.52550653	5269.595167	2
0	3	0	139.3948614	1.37995148	3790.135953	2
0	3	1	135.6898614	1.33264812	3541.002374	2
0	2	0	143.8768614	1.55758278	4703.269154	2
0	2	0	134.5978614	1.32594742	3491.201695	2
0	3	5	150.5438614	1.60169735	4951.456401	2
0	2	0	141.7108614	1.45487181	4056.328943	2
0	3	1	139.6768614	1.54786127	3766.469832	2
0	2	0	136.1528614	1.49051998	4092.140579	2
0	2	0	140.9908614	1.22103564	2197.882162	2
0	2	0	138.6428614	1.40761514	3198.815151	2
0	2	0	136.9888614	1.34054011	3296.954904	2
0	2	0	128.1228614	1.3849948	3126.28153	2
0	2	0	141.0248614	1.3173262	2880.77026	2
0	3	1	142.6868614	1.35996271	3636.169444	2
0	3	1	143.1658614	1.38605573	4104.3202	2
0	2	0	134.4248614	1.37461898	3432.422035	2
0	3	1	143.8288614	1.45932279	5085.762724	2
0	2	0	132.2908614	1.30721225	3196.295811	2
0	2	0	130.3638614	1.28267425	2429.448923	2
0	2	0	140.1308614	1.35032544	3655.555177	2
0	2	0	133.2908614	1.32524905	3081.266706	2
0	2	0	128.8188614	1.47861823	3001.151678	2
0	2	0	130.0408614	1.29293581	2827.824295	2
0	3	1	131.7448614	1.3123255	3355.984762	2
0	2	0	130.0928614	1.41567609	3100.755545	2
0	2	0	146.6968614	1.41607728	4380.491688	2
0	3	1	132.3828614	1.28927586	3256.693019	2
0	2	0	134.3508614	1.28270977	3345.685383	2
0	2	0	129.2638614	1.26115671	2454.235533	2
0	2	0	136.0948614	1.28833947	3050.003532	2
0	3	1	145.2668614	1.46074448	4527.256946	2
0	3	1	141.8768614	1.49155885	4718.591999	2
0	2	0	131.2908614	1.25206115	2972.996929	2
0	2	0	137.0628614	1.33724728	3381.278613	2
0	3	1	132.9768614	1.28363695	3294.15124	2
0	2	0	127.5528614	1.2818056	2914.535192	2
0	3	1	134.0108614	1.34245109	3413.02932	2
0	2	0	129.0588614	1.39103357	2890.509108	2
0	3	1	156.0348614	1.52600179	5673.81668	2
0	3	1	143.0348614	1.35175541	4163.442773	2
0	2	0	130.3478614	1.23602525	2389.435743	2
0	2	0	144.4488614	1.35377064	3793.768256	2
0	3	1	147.6408614	1.68492678	6336.329658	2
0	2	0	133.3818614	1.29057242	2397.648513	2
0	2	0	133.9288614	1.25726078	3290.017059	2
0	3	1	152.2468614	1.53680194	5779.456775	2
0	2	0	144.5808614	1.34612235	3621.026756	2
0	2	0	160.7908614	1.72801226	6309.708086	2
0	2	0	163.2208614	1.70066489	6735.687044	2
0	2	0	133.7548614	1.28813387	2821.708852	2
0	3	1	145.2008614	1.4976608	5041.668302	2
0	2	0	139.0568614	1.36159656	3739.706292	2
0	2	0	131.5458614	1.28036152	2864.290187	2
0	3	1	136.5748614	1.35959032	3654.52119	2
0	3	1	135.0608614	1.30375398	3247.020748	2
0	2	0	135.9788614	1.2178972	2378.94171	2
0	2	0	123.3428614	1.43857051	2738.415961	2
0	2	0	132.8698614	1.27221844	3383.751039	2
0	2	0	140.6108614	1.33334428	3467.170077	2
0	2	0	136.8228614	1.27389137	2779.175037	2
0	2	0	131.3978614	1.24317562	2260.193519	2
0	3	1	142.2728614	1.38394597	4014.584125	2
0	2	0	134.6068614	1.31643858	2984.782311	2
0	3	1	142.0828614	1.31784974	3822.730542	2
0	2	0	136.1448614	1.46208216	3576.912855	2
0	3	1	136.6658614	1.33497178	3090.644878	2
0	2	0	136.8728614	1.33859979	3119.817292	2
0	2	0	152.4708614	1.53124055	4676.592355	2
0	2	0	137.7988614	1.40177247	3648.335381	2
0	2	0	133.8628614	1.28543397	2644.125501	2
0	2	0	133.3158614	1.26488417	2606.864951	2
0	2	0	134.8378614	1.26091621	2511.185548	2
0	2	0	130.8188614	1.32990332	2834.456024	2
0	3	1	135.5078614	1.44172323	4255.362811	2
0	2	0	135.1528614	1.40438625	3247.438041	2
0	2	0	137.6008614	1.49737847	3810.383253	2
0	3	1	148.4008614	1.45660389	4637.840506	2
0	2	0	180.0848614	2.06535441	10383.51603	3
0	2	0	194.7068614	2.07748423	10844.62301	3
0	2	0	197.7348614	2.16143011	11864.41966	3
0	2	0	184.7248614	1.74672853	9651.529756	3
0	2	0	186.1308614	1.93937355	10791.49646	3
0	2	0	183.4508614	1.92462301	9915.45606	3
0	2	0	194.0208614	2.05551371	10945.46451	3
0	2	0	171.3688614	1.93834816	8498.500953	3
0	2	0	165.5468614	1.697337	6474.977916	3
0	2	0	212.3568614	2.40583324	13238.90171	3
0	2	0	189.9108614	1.96144194	10494.54043	3
0	2	0	157.8868614	1.75644912	6514.907249	3
0	2	0	161.7668614	1.72849544	7201.995751	3
0	3	1	177.0248614	1.87018499	9013.051976	3
0	2	0	187.1148614	1.92869006	9843.096845	3
0	2	0	223.2968614	2.55882965	13018.09082	3
0	3	1	192.6468614	2.01692011	11262.43237	3
0	2	0	189.5048614	2.14520906	10719.73332	3
0	2	0	188.3128614	2.10642739	11225.11136	3
0	2	0	183.0708614	2.09441386	11134.71572	3
0	2	0	194.7068614	2.02596834	11045.37939	3
0	2	0	204.3828614	2.12376177	12497.7228	3
0	3	1	206.1948614	2.06555285	12718.16452	3
0	2	0	166.2148614	1.92223481	7927.742891	3
0	2	0	197.2628614	2.08986041	9520.673751	3
0	2	0	188.2568614	1.99868122	9546.505101	3
0	3	1	184.4928614	2.02429548	9561.246416	3
0	2	0	168.8368614	1.91278648	8950.947076	3
0	2	0	197.8748614	2.05335232	10906.43064	3
0	2	0	187.7508614	2.05848644	10846.70049	3
0	2	0	193.2608614	2.02614114	11076.60102	3
0	2	0	200.9428614	2.11105728	12115.8158	3
0	2	0	194.8648614	1.99925276	10878.2649	3
0	2	0	189.1008614	2.09556469	10524.65185	3
0	2	0	207.8228614	2.17281474	12274.34406	3
0	2	0	187.0148614	1.95258414	10192.86876	3
0	2	0	191.1508614	1.97823062	11158.09499	3
0	2	0	188.5208614	1.94318243	10355.37655	3
0	2	0	196.5508614	1.95421382	11507.50873	3
0	2	0	182.7148614	1.99425509	10369.66356	3
0	2	0	174.9748614	2.06382425	10287.06586	3
0	2	0	195.8808614	2.03957201	10007.79328	3
0	2	0	190.5648614	2.12328786	11295.04035	3
0	2	0	193.0688614	1.957658	10291.73574	3
0	3	1	152.4948614	1.71387839	5908.136094	3
0	2	0	197.1308614	1.96732585	10926.19966	3
0	2	0	169.3828614	1.92519257	8596.957479	3
0	2	0	204.3668614	2.11358187	11473.95685	3
0	2	0	180.3248614	1.89840318	9638.135226	3
0	2	0	190.9928614	1.9859728	10628.61597	3
0	2	0	189.3728614	1.88636455	10142.29189	3
0	2	0	162.4038614	1.61671567	6738.528577	3
0	2	0	195.2368614	2.12774454	11077.54569	3
0	2	0	189.3468614	2.16978582	10841.25486	3
0	2	0	171.4008614	2.00422547	8726.454015	3
0	2	0	202.5388614	2.36023162	13014.44301	3
0	2	0	181.6488614	2.10782236	9578.79959	3
0	2	0	175.8008614	1.84181949	9071.296402	3
0	2	0	204.5158614	2.11370282	11909.11369	3
0	2	0	190.8858614	1.99300047	10160.08821	3
0	2	0	195.0208614	2.04177475	10576.93309	3
0	2	0	183.3848614	2.0626865	10864.25364	3
0	3	0	185.2868614	1.94657912	9900.675466	3
0	2	0	144.6308614	1.52688713	4735.332786	3
0	2	0	175.6928614	1.96526277	9308.355267	3
0	2	0	164.2628614	1.92406817	8348.204419	3
0	2	0	187.9008614	2.16035734	10395.69476	3
1	1	1	153.4788614	1.58836105	5167.201292	3
0	2	0	178.3308614	1.89464137	9203.619536	3
0	2	0	176.2728614	1.64029804	8604.065581	3
0	2	0	194.6908614	2.00544152	10439.85148	3
0	2	0	193.0528614	2.08229981	10795.73654	3
0	2	0	200.7688614	2.06667152	11587.08579	3
0	2	0	200.6128614	2.19288939	12560.34518	3
0	2	0	206.3188614	2.22538906	12793.89709	3
0	2	0	163.8498614	1.78434935	7033.617718	3
0	2	0	204.4748614	2.20228202	13686.01871	3
0	2	0	198.5688614	2.22464944	11660.19766	3
0	2	0	198.7168614	2.27341121	11386.31053	3
0	2	0	182.8388614	1.96781926	9629.454458	3
0	2	0	198.1888614	1.99799055	11721.20017	3
0	2	0	190.9448614	2.10949862	9958.568754	3
0	2	0	192.1108614	2.18885378	11248.93601	3
0	2	0	161.6168614	1.7706184	6720.473842	3
0	3	1	187.2548614	1.92244841	9495.981358	3
0	3	1	197.5928614	2.01003282	11201.39654	3
0	2	0	185.4518614	1.9959419	10102.21886	3
0	2	0	187.3388614	1.91697367	9772.330884	3
0	2	0	206.4008614	2.04960327	12174.21356	3
0	2	0	185.3208614	1.94155803	11312.41587	3
0	2	0	194.1528614	1.96232138	11270.59677	3
0	2	0	187.6108614	1.99465007	9487.464661	3
0	2	0	177.8448614	1.83805394	8575.661498	3
0	2	0	189.0988614	1.98250686	10099.49578	3
0	2	0	201.3308614	2.28460531	11864.60493	3
0	3	1	177.0418614	1.74194776	6955.245778	3
0	2	0	177.1748614	2.04042927	9774.504211	3
0	3	1	176.3468614	1.90489313	8661.646275	3
0	2	0	172.0728614	2.06230344	9499.490563	3
0	2	0	193.8128614	1.88641838	10154.27997	3
0	2	0	190.2568614	1.91802611	10275.86294	3
0	2	0	200.0588614	1.99779727	11920.93413	3
0	2	0	178.2148614	1.865824	9884.033255	3
0	2	0	176.7098614	1.78145548	8826.387131	3
0	2	0	188.9268614	1.99872929	10406.00213	3
0	2	0	200.4558614	2.13577166	12815.77672	3
0	2	0	184.3208614	2.06665367	10969.36184	3
0	2	0	206.5908614	2.08402439	12109.13059	3
0	2	0	171.7648614	1.80702827	7563.383152	3
0	2	0	181.3928614	2.00859747	9965.915743	3
0	2	0	205.9128614	2.03845218	12582.8078	3
0	2	0	185.6768614	1.995461	11184.70834	3
0	2	0	175.8008614	1.90038901	8519.378288	3
0	2	0	192.8708614	2.18155665	11221.65693	3
0	2	0	190.1508614	1.88590193	11846.52112	3
0	2	0	193.0028614	1.83638771	10251.05966	3
0	2	0	162.8658614	1.69928585	7045.790825	3
0	2	0	187.7768614	1.9672889	10303.50152	3
0	2	0	156.0928614	1.60893019	5997.794663	3
0	2	0	202.9268614	2.33505638	11790.59091	3
0	2	0	176.7768614	1.8781312	8604.726175	3
0	2	0	205.0028614	2.08812892	12375.06086	3
1	1	1	159.7228614	1.65744807	5540.35815	3
0	2	0	189.6788614	1.98858756	10490.34367	3
0	2	0	192.4988614	1.99084187	10969.88459	3
0	2	0	169.0208614	1.9849404	10014.86186	3
0	2	0	197.8668614	2.16449861	11817.64015	3
0	2	0	194.5668614	2.1712684	12202.52975	3
0	2	0	190.1908614	2.07275185	11045.90834	3
0	2	0	203.1668614	1.95889455	11654.6441	3
0	2	0	200.1988614	2.31719962	11504.64746	3
0	2	0	180.7548614	1.90825298	9236.347017	3
0	2	0	162.3868614	1.79125362	7395.956163	3
0	2	0	184.7828614	2.03363998	9803.585155	3
0	2	0	200.8508614	2.00948701	11787.39727	3
0	2	0	180.0528614	1.84728625	9837.072335	3
0	2	0	180.2668614	2.04392822	10484.02125	3
0	2	0	199.6608614	1.93872756	12370.7252	3
0	2	0	163.7098614	1.64619979	6395.847904	3
0	3	1	190.0008614	2.03456188	10087.4656	3
0	2	0	199.5528614	2.04870559	11627.20123	3
0	2	0	191.5308614	1.88795605	10609.47775	3
0	2	0	189.8188614	2.01956004	9573.069189	3
0	3	1	192.2008614	2.04055379	10614.39305	3
0	2	0	208.7168614	2.1041259	12055.42032	3
0	2	0	188.6788614	2.05934962	11500.40174	3
0	2	0	172.1948614	1.93222064	8935.584052	3
0	2	0	184.4268614	2.03281845	9667.240189	3
0	2	0	200.5708614	2.10277897	11487.18258	3
0	2	0	188.0988614	1.9298357	10866.63758	3
0	3	1	203.7708614	2.02599892	12442.14279	3
0	2	0	199.5868614	2.19656638	12487.67305	3
0	2	0	203.8048614	2.04032502	12260.31386	3
0	2	0	182.7648614	1.87759576	9377.221221	3
0	2	0	194.0128614	1.89970665	10621.09754	3
0	2	0	180.5728614	1.99033829	9018.823006	3
0	2	0	182.7228614	1.91302059	9699.206349	3
0	2	0	183.8068614	1.94047334	10132.94264	3
0	2	0	221.2128614	2.21879511	14512.73868	3
0	2	0	184.5428614	1.92677449	10506.4599	3
0	2	0	200.6688614	2.12295239	11510.31494	3
0	2	0	201.9348614	2.35118779	12998.87185	3
0	2	0	185.5268614	2.04964226	10041.99666	3
0	2	0	188.8608614	2.09129205	10516.40694	3
0	2	0	192.6808614	1.98473723	11143.19626	3
0	2	0	177.4708614	1.90450932	8874.523511	3
0	2	0	183.2368614	1.82866656	9885.668003	3
0	2	0	176.9748614	1.8427169	9360.566431	3
0	2	0	203.8548614	2.17821002	12826.22557	3
0	2	0	169.9368614	1.78779705	8925.453146	3
0	3	1	204.6968614	2.01282647	11580.75051	3
0	2	0	200.5208614	2.03190677	12182.0975	3
0	2	0	190.2988614	1.98551224	11316.46608	3
0	2	0	164.4968614	1.75514943	9084.261466	3
0	2	0	204.6988614	2.07961675	12819.32766	3
0	2	0	181.4328614	1.92079866	9503.117046	3
0	2	0	191.9688614	2.09056944	11575.88016	3
0	2	0	205.1188614	2.02685117	11509.95509	3
0	2	0	188.2968614	1.8251411	8658.349388	3
0	2	0	201.1008614	2.00318848	11771.37728	3
0	2	0	199.7108614	1.92782593	11420.75538	3
0	2	0	186.0488614	2.01859288	11075.25997	3
0	2	0	198.6268614	2.10431102	11288.75065	3
0	2	0	177.4208614	1.91931075	9347.623625	3
0	3	1	189.3728614	2.1594199	10842.55386	3
0	2	0	193.1028614	2.02728673	10775.3436	3
0	3	1	178.2488614	1.71364263	8632.919926	3
0	2	0	195.5428614	1.96008291	11127.52289	3
0	2	0	191.2508614	2.09844571	10695.6193	3
0	2	0	184.9648614	1.77204502	9752.960413	3
0	2	0	162.1798614	1.83885154	8592.084147	3
0	2	0	175.0808614	1.85224718	8488.775971	3
0	2	0	191.5228614	1.93822941	10846.81086	3
0	2	0	180.1928614	1.81540956	9298.405847	3
0	2	0	206.8388614	2.02407544	12424.14439	3
0	2	0	197.6668614	2.17875444	11745.04137	3
0	3	1	184.6988614	1.94989031	9398.358074	3
0	2	0	143.8528614	1.58802371	4790.233746	3
0	2	0	193.0688614	1.9769078	10611.24255	3
0	2	0	178.1668614	2.06045681	10367.97502	3
0	3	1	170.0288614	1.74675519	8077.610813	4
0	3	1	209.0628614	2.29042035	12900.69523	4
0	2	0	137.7428614	1.52525276	3801.706956	4
0	3	1	193.9448614	2.20079255	11751.94465	4
0	3	1	170.6648614	1.76860186	7245.337192	4
0	4	2	211.3628614	2.20227607	15845.42042	4
0	4	2	188.7188614	1.9744365	10852.68011	4
0	3	1	174.9988614	1.97307287	9505.015895	4
0	4	2	183.2948614	2.00509307	10691.51629	4
0	4	2	192.5408614	2.0767773	11453.76969	4
0	4	2	163.9748614	1.74459522	7053.135525	4
0	3	1	200.7348614	2.17311637	12567.86956	4
0	3	1	193.0108614	1.91072771	11054.80295	4
0	3	1	176.3808614	2.03809018	9590.974495	4
0	3	1	165.0828614	1.64338487	8263.715861	4
0	4	2	184.0288614	1.76409537	9560.24594	4
0	2	0	181.9708614	1.98613465	8527.398384	4
0	4	2	197.9648614	2.05707172	12499.41748	4
0	3	1	187.3628614	2.07630464	11248.09035	4
0	2	0	172.4348614	1.95040566	8179.285889	4
0	3	1	184.2368614	1.85261096	9926.684989	4
0	3	1	189.4968614	1.90188189	10333.62082	4
0	3	1	178.2248614	1.94089523	9466.056547	4
0	2	0	155.8868614	1.75200083	6437.857934	4
0	4	2	202.6708614	2.00512342	11249.85636	4
0	3	1	203.0918614	2.22165575	13438.73143	4
0	3	1	165.4968614	1.88716172	8692.21883	4
0	3	1	178.8688614	1.84863714	8202.668226	4
0	3	1	192.8458614	2.04018989	11367.29873	4
0	3	1	172.3788614	1.91173167	8420.247278	4
0	3	1	174.8668614	1.87656477	8755.626201	4
0	2	0	183.1448614	2.03427634	9036.091978	4
0	2	0	192.6308614	1.87939383	11076.0265	4
0	4	2	175.4788614	1.82714009	9665.159322	4
0	3	1	192.2088614	1.94018417	11319.7295	4
0	3	1	170.3588614	1.97514482	9086.685067	4
0	3	1	175.7018614	1.87470459	7955.096455	4
0	3	1	176.4548614	1.81638843	9791.829075	4
0	4	2	179.7048614	1.86986918	9534.49311	4
0	4	2	187.3468614	2.00614239	11269.23977	4
0	3	1	158.0788614	1.75314052	6033.595279	4
0	2	0	157.5568614	1.60905215	5877.716905	4
0	4	2	152.7608614	1.72510237	6333.395227	4
0	2	0	152.6368614	1.75783809	6438.94189	4
0	3	1	183.1528614	1.99307728	9901.108292	4
0	4	2	203.1428614	2.02732438	13242.81513	4
0	4	2	183.3108614	1.93253227	9301.735274	4
0	4	2	163.4548614	1.71602777	7601.00931	4
0	3	1	156.0198614	1.94130332	8434.741032	4
0	2	0	165.4628614	1.60856847	7739.406955	4
0	3	1	203.4648614	2.24609383	12199.94087	4
0	3	1	202.7868614	2.06960851	12568.45198	4
0	3	1	210.3708614	2.23188054	15242.06518	4
0	3	1	153.2488614	1.79043289	6610.251123	4
0	3	1	179.0268614	1.84902955	8527.506976	4
0	2	0	159.8888614	1.68208846	7059.039253	4
0	3	1	153.4228614	1.6300112	5676.856667	4
0	3	1	203.5888614	1.90592654	13138.41714	4
0	3	1	178.7128614	1.8051096	9524.782811	4
0	4	2	163.4128614	1.72396435	7456.090335	4
0	3	1	207.6748614	2.30139674	14634.75337	4
0	3	1	163.0818614	1.73017894	6343.282297	4
0	3	1	209.5768614	2.13611198	15203.10525	4
0	3	1	178.4568614	1.87482479	9784.332319	4
0	3	1	188.2568614	2.05014521	10306.11731	4
0	4	2	158.5088614	1.70845415	7317.155703	4
0	3	1	164.9188614	1.72662127	8540.315839	4
0	3	1	190.7448614	2.04252876	10965.80686	4
0	4	2	182.5088614	1.96569877	9698.376114	4
0	3	1	175.7268614	1.85517172	8390.676164	4
0	4	2	184.6248614	1.75169753	9678.079131	4
0	3	1	192.0108614	2.00200576	11134.45548	4
0	3	1	176.2988614	1.8470369	9528.447663	4
0	3	1	174.2628614	1.90629051	9209.637083	4
0	3	1	172.9328614	2.00329658	10281.3982	4
0	3	1	183.6488614	1.98961232	9150.224116	4
0	4	2	191.3988614	2.07971809	11453.37389	4
0	2	0	171.5668614	1.74983765	9298.727567	4
0	3	1	175.3628614	1.82967521	9222.736469	4
0	3	1	157.6728614	1.77207355	7814.674346	4
0	4	2	193.8468614	1.97449555	10159.92382	4
0	3	0	143.1428614	1.54622459	5338.505378	4
0	3	1	200.4128614	2.24708138	13358.62188	4
0	4	2	194.6408614	2.13081157	12182.30168	4
0	3	1	206.6408614	2.156019	12907.01105	4
0	4	2	174.4528614	1.77579388	8610.957772	4
0	3	1	193.5908614	1.92001959	11953.47811	4
0	2	0	168.6248614	1.91502343	8822.056707	4
0	2	0	170.6148614	1.95836418	8276.339409	4
0	3	1	182.5168614	1.89783806	11437.43613	4
0	3	1	195.3928614	2.03034583	11234.78106	4
0	3	1	208.3948614	2.14374514	13418.20546	4
0	3	1	174.3048614	1.71710812	9232.873642	4
0	4	2	172.2208614	1.82071021	8677.42931	4
0	3	1	171.2688614	1.82479663	7661.911104	4
0	2	0	162.9408614	1.59354163	6285.724599	4
0	3	1	190.3148614	2.02339858	10211.82435	4
0	3	1	183.4428614	1.98299824	10757.7105	4
0	2	0	182.1528614	1.94912038	10137.65591	4
0	3	1	179.0848614	1.79966154	9240.950925	4
0	3	1	183.8808614	1.94946287	10131.45147	4
0	2	0	169.1208614	1.78418231	7032.551853	4
0	3	1	146.8888614	1.81362996	6882.786349	4
0	2	0	154.5048614	1.62771228	6124.557304	4
0	2	0	189.4548614	1.97266251	10830.31208	4
0	2	0	172.0128614	1.77897367	8697.084662	4
0	3	1	174.7928614	2.00300691	10477.24134	4
0	2	0	154.0828614	1.79403269	6626.833373	4
0	2	0	179.5148614	1.92644428	9187.86672	4
0	3	1	169.7468614	1.85271488	8150.843615	4
0	3	1	188.1648614	2.05067195	10296.85211	4
0	3	1	179.3908614	1.87298351	9118.29772	4
0	2	0	151.3868614	1.63169119	5850.605589	4
0	4	2	170.7148614	1.93406272	9992.607526	4
0	3	1	179.2008614	1.90659082	8873.645224	4
0	3	1	186.9328614	2.08444641	10726.28569	4
0	3	1	188.8348614	1.94641899	10856.9321	4
0	2	0	181.8048614	1.92881624	9139.958631	4
0	2	0	169.5898614	1.77308381	7537.661656	4
0	3	1	210.1388614	2.16456589	12664.49327	4
0	3	1	174.3048614	1.92419011	9046.521241	4
0	3	1	161.0228614	1.68005662	7692.524861	4
0	3	1	190.2088614	1.99139542	11393.36727	4
0	3	1	174.0568614	1.85715276	8846.744263	4
0	3	1	184.8148614	1.94567248	10767.47203	4
0	3	1	206.0948614	2.18497063	13448.24887	4
0	3	1	198.9988614	2.1480051	12700.22836	4
0	2	0	166.3228614	1.91865294	8118.65868	4
0	3	1	175.3048614	1.88126512	7975.417421	4
0	2	0	172.2528614	1.82232869	8623.000595	4
0	3	1	185.8748614	1.89452936	10458.02847	4
0	2	0	165.0088614	1.86192562	8109.946227	4
0	3	1	159.7988614	1.78607229	7304.182941	4
0	3	1	172.5508614	1.84637452	9906.514028	4
0	3	1	202.3978614	2.19923196	14817.29039	4
0	3	1	198.2208614	2.05139844	13164.42758	4
0	3	1	184.0128614	1.99798103	10937.02788	4
0	3	1	189.1408614	1.97885159	11244.67883	4
0	3	1	166.7048614	1.83050688	8052.601609	4
0	2	0	176.4548614	1.78573983	10076.93868	4
0	3	1	187.0488614	2.02197872	11459.15406	4
0	3	1	187.2888614	1.96488831	10659.02501	4
0	3	1	172.4768614	1.93385565	10063.71273	4
0	2	0	145.9128614	1.65574863	5204.765756	4
0	3	1	206.7148614	2.06555902	12370.02333	4
0	4	2	203.7948614	2.20138554	13935.99948	4
0	3	1	160.7668614	1.79830372	8207.871306	4
0	4	2	182.7148614	1.96935339	10743.90886	4
0	2	0	180.0428614	1.97846452	8943.06283	4
0	3	1	162.6938614	1.68146603	6887.740974	4
0	3	1	185.6508614	1.99373527	10466.95006	4
0	3	1	166.1088614	1.87134602	6979.793082	4
0	3	1	167.8868614	1.83516308	8525.265406	4
0	3	1	165.6628614	1.86930522	8728.791999	4
0	3	1	198.5268614	1.94507826	11782.60371	4
0	3	1	183.6748614	1.95003514	10405.73153	4
0	3	1	180.1588614	1.94322302	9071.040054	4
0	3	1	180.0528614	2.00929946	9421.332398	4
0	3	1	202.3068614	2.10935725	13632.60454	4
0	4	2	201.7528614	2.00469012	12247.22813	4
0	4	2	169.5988614	1.727509	8910.369551	4
0	4	1	177.6288614	2.04565775	9595.303063	4
0	4	2	175.9748614	1.89119403	9061.175027	4
0	4	2	184.4528614	2.0846658	10399.71566	4
0	4	2	180.9288614	1.74244579	10463.68111	4
0	4	2	172.4688614	1.92466583	10098.77684	4
0	4	2	185.9908614	1.96766823	9959.278394	4
0	4	2	162.7768614	1.78064324	6368.285117	4
0	3	1	178.5228614	1.95583468	8373.783023	4
0	4	2	177.9928614	1.85711571	9242.456934	4
0	2	0	176.0408614	1.77019531	7356.225933	4
0	2	0	172.7488614	1.77000975	8960.334458	4
0	2	0	161.7168614	1.59504786	6200.322665	4
0	3	1	153.6788614	1.73965609	6301.463176	4
0	4	2	211.3628614	2.20227607	15845.42042	4
0	3	1	182.1448614	1.93242339	10334.97847	4
0	3	1	217.8548614	2.37424167	16356.14744	4
0	3	1	194.8888614	2.1955752	10933.30076	4
0	2	0	148.9888614	1.72013172	6202.221602	4
0	3	1	171.0788614	1.89584975	8202.033797	4
0	4	2	180.5808614	1.96655242	9788.188629	4
0	2	0	167.6058614	1.94158731	8221.398903	4
0	3	1	195.1128614	2.02606225	12050.60949	4
0	2	0	152.6348614	1.64996696	5666.238254	4
0	3	1	191.5228614	2.13396197	10939.17494	4
0	4	2	187.0328614	1.88432129	10698.32863	4
0	3	1	190.3488614	2.19032276	10871.54538	4
0	4	2	194.5508614	2.1427737	12453.85598	4
0	3	1	158.6408614	1.70243721	6889.133154	4
0	3	1	186.1888614	2.0713013	10971.96773	4
0	3	1	181.8968614	1.8965519	9601.784946	4
0	2	0	186.0808614	2.07171143	10529.15896	4
0	3	1	193.9788614	1.97326905	10038.94866	4
0	4	2	175.4368614	1.97328854	8248.421383	4
0	3	1	185.1718614	2.0165491	10421.04733	4
0	4	2	171.2028614	1.9651134	9201.726772	4
0	3	1	155.1668614	1.76792487	7200.174744	4
0	3	1	169.8888614	1.78729207	8188.013445	4
0	3	1	180.8288614	1.86017539	9153.844662	4
0	3	1	170.0948614	1.78326949	8538.213152	4
0	3	1	161.7328614	1.75088834	8265.003574	5
0	3	1	155.9528614	1.78858971	7817.275996	5
0	3	1	175.4278614	1.94855998	9886.84838	5
0	4	2	154.3568614	1.74592593	7682.991676	5
0	3	1	159.6248614	1.87622258	7075.751414	5
0	2	0	145.9378614	1.71534628	5492.611957	5
0	3	1	170.1368614	1.94324951	8860.475273	5
0	3	1	167.2988614	1.82190947	9237.2203	5
0	3	1	154.5368614	1.68042689	7140.100545	5
0	3	1	153.3308614	1.72464344	7442.692123	5
0	4	1	154.9928614	1.77318878	7537.863465	5
0	3	1	153.5288614	1.76663919	7098.600319	5
0	4	2	155.6288614	1.79829973	7490.574784	5
0	3	1	169.7128614	1.86212613	9081.41122	5
0	4	2	160.0548614	1.86834689	9065.882403	5
0	3	1	170.2508614	1.82045424	9238.215049	5
0	3	1	146.3508614	1.69251243	7045.285705	5
0	4	2	139.3708614	1.52574871	4872.028407	5
0	3	1	152.8668614	1.79523171	6631.015593	5
1	3	3	146.8638614	1.54937659	4952.085367	5
0	2	0	162.6268614	1.7229165	7025.180583	5
0	3	1	166.1568614	1.82035707	8595.742624	5
0	2	0	145.8128614	1.62975073	5873.688014	5
0	6	2	118.1248614	1.57786176	4756.590846	5
0	3	1	162.1628614	1.83865879	9115.767824	5
0	3	1	163.3368614	1.8564742	8800.601211	5
0	3	1	174.3468614	1.82784733	9602.322663	5
0	2	0	156.9948614	1.71353222	6757.236552	5
0	3	1	162.4948614	1.72639489	8058.97658	5
0	3	1	156.7788614	1.69228	7357.324082	5
0	3	1	152.1648614	1.77776833	8090.030824	5
0	3	1	160.6008614	1.85731025	7466.42023	5
0	3	1	149.9148614	1.6902564	6906.8691	5
0	2	0	152.2648614	1.69390587	5996.528818	5
0	2	0	152.1228614	1.77121183	6661.762288	5
0	2	0	157.7468614	1.7191683	7312.454561	5
0	2	0	168.2008614	1.8076472	8384.333374	5
0	3	1	138.0968614	1.53035213	5602.350191	5
0	3	1	164.1228614	1.72543221	8533.381085	5
0	4	2	165.0588614	1.89302446	6946.706574	5
0	3	1	158.9128614	1.74099431	7359.527506	5
0	4	2	161.8168614	1.77280953	8095.260668	5
0	3	1	156.9028614	1.75370369	7847.201448	5
0	3	1	154.7868614	1.77229012	6892.643238	5
0	3	1	151.8828614	1.6989292	6699.969838	5
0	3	1	157.1768614	1.75953057	7474.798022	5
0	3	1	162.3458614	1.74093775	8835.079006	5
0	3	1	173.5928614	1.83650506	8935.831165	5
0	2	0	158.4168614	1.74746143	7458.459002	5
0	2	0	157.2508614	1.66011814	6977.897734	5
0	3	1	155.2488614	1.75039605	6838.153574	5
0	2	0	146.2688614	1.59407792	5163.62161	5
0	3	1	162.7248614	1.82740285	9359.882447	5
0	3	1	163.6848614	1.75402979	7703.2111	5
0	2	0	155.1928614	1.74836876	6225.599895	5
0	3	1	157.1668614	1.77060741	6909.184114	5
0	3	1	141.1488614	1.56780697	6003.005261	5
0	2	0	152.6548614	1.72390533	5971.706517	5
0	3	1	149.7408614	1.71169645	6359.740555	5
0	3	1	154.9348614	1.68852235	7329.973134	5
0	3	1	159.2268614	1.85868151	8155.175753	5
0	4	2	168.1268614	1.88359507	9468.033592	5
0	2	0	154.9188614	1.77673099	6394.658383	5
0	2	0	155.7868614	1.65278434	6634.185623	5
0	3	1	162.4768614	1.83189013	7243.715822	5
0	2	0	149.1208614	1.63371655	5774.548736	5
0	3	1	167.6128614	1.96161757	8222.614156	5
0	5	1	99.5088614	1.5499579	3579.871402	5
0	3	1	167.6128614	1.87047531	9006.576856	5
0	2	0	162.5688614	1.74966161	7734.9652	5
0	3	1	165.6028614	1.90875195	9296.397125	5
0	3	1	161.3448614	1.7202881	7030.037441	5
0	4	2	156.0188614	1.67067678	7963.756281	5
0	3	1	171.2528614	1.90366257	8865.651284	5
0	2	0	133.7888614	1.33020044	3193.355246	5
0	3	1	172.4668614	1.73757155	8243.743408	5
0	3	1	152.1888614	1.7570769	7573.708287	5
0	4	2	160.1628614	1.79295762	8453.772177	5
0	3	1	162.1628614	1.70364395	8031.623245	5
0	3	1	165.6788614	1.74909365	6871.440367	5
0	2	0	153.9588614	1.68799348	6349.397568	5
0	2	0	144.0848614	1.65934922	5879.521342	5
0	4	2	167.8528614	1.76833376	8463.835796	5
0	3	0	147.0608614	1.40728573	4731.513333	5
0	3	1	156.5648614	1.59370801	7486.876656	5
0	3	1	154.7028614	1.68473716	7370.121208	5
0	3	1	159.4588614	1.69654766	7908.003397	5
0	3	1	158.1768614	1.76794319	8837.690048	5
0	3	1	158.7068614	1.67902039	8574.682952	5
0	3	1	152.4208614	1.62051535	6407.950926	5
0	4	2	168.4068614	1.90178998	9563.352099	5
0	3	1	147.8888614	1.60219616	6286.78863	5
0	2	0	155.7208614	1.75291979	6811.658079	5
0	4	2	155.9608614	1.77263915	7675.373955	5
0	2	0	163.2968614	1.88060367	7781.640151	5
0	3	1	164.2888614	1.73441924	8314.07354	5
0	2	0	152.9588614	1.75425217	7027.38511	5
0	3	1	162.6848614	1.81264683	8306.160447	5
0	4	2	168.4148614	1.86488962	9126.645095	5
0	4	2	169.6068614	1.98666431	9267.358036	5
0	2	0	152.6048614	1.82732984	7040.541791	5
0	3	1	168.8948614	1.90121697	9983.232343	5
0	3	1	179.2408614	1.9592731	10298.70077	5
0	3	1	165.1728614	1.93472732	9146.979155	5
0	2	0	136.3928614	1.36803896	3387.761631	5
0	2	0	157.2268614	1.8167647	7665.670985	5
0	3	1	177.9088614	1.96247338	9006.607064	5
0	3	1	152.2388614	1.67293046	6403.842055	5
0	3	1	177.3718614	1.95207773	10193.53627	5
0	3	1	165.8928614	1.74283043	8894.771329	5
0	3	1	153.9508614	1.76855486	7029.150846	5
0	3	1	158.1288614	1.80906604	7696.023576	5
0	3	1	152.7768614	1.69303193	7281.139939	5
0	3	1	152.0068614	1.72211605	7239.598485	5
0	3	1	164.8928614	1.80924005	7835.670501	5
0	3	1	158.1028614	1.78257426	6902.26457	5
0	3	1	152.2468614	1.73749199	7674.506116	5
0	3	1	152.9508614	1.64137559	5971.371266	5
0	3	1	153.6028614	1.768963	7176.366224	5
0	3	1	166.0168614	1.78807285	8751.433836	5
0	3	1	152.8508614	1.78731651	7950.140298	5
0	2	0	155.7048614	1.73758801	6036.654281	5
0	3	1	163.0148614	1.89319898	8200.816662	5
0	3	1	157.0528614	1.7116049	6720.015256	5
0	3	1	152.8088614	1.70794504	6332.259288	5
0	2	0	163.2228614	1.90045243	7578.850897	5
0	2	0	144.9028614	1.55388539	5890.613832	5
0	2	0	153.7688614	1.54134861	6642.731584	5
0	4	1	157.6728614	1.76647456	6775.265889	5
0	2	0	145.4488614	1.55080208	5775.93994	5
0	4	2	145.6068614	1.699693	6961.110328	5
0	3	1	179.8048614	1.87859315	9914.706216	5
0	2	0	158.6488614	1.7137199	7364.014909	5
0	3	1	162.3708614	1.77486795	8280.354469	5
0	2	0	149.1288614	1.67207177	6858.852431	5
0	3	1	168.5308614	1.64524762	7900.774068	5
0	2	0	162.3948614	1.75033858	7507.13	5
0	3	1	167.4388614	1.83302037	7691.583587	5
0	3	1	155.9348614	1.68071084	7086.939401	5
0	3	1	131.8788614	1.48453498	3621.131953	5
0	3	1	149.6758614	1.73242169	5827.969893	5
0	3	1	159.8808614	1.69144059	7813.04669	5
0	4	2	155.3728614	1.69582878	7497.890571	5
0	3	1	163.6208614	1.73835785	8313.907844	5
0	3	1	145.4818614	1.65757688	5967.158091	5
0	3	1	151.1968614	1.6755228	6378.675113	5
0	3	1	163.0648614	1.73738651	8403.623968	5
0	3	1	157.5488614	1.68342568	6946.219021	5
0	3	1	155.7948614	1.69410633	6382.724165	5
0	4	2	158.0948614	1.67964795	7023.251119	5
0	3	1	154.9768614	1.82476097	6841.245828	5
0	2	0	153.2808614	1.70653613	7560.467361	5
0	2	0	164.4048614	1.80116276	7544.119891	5
0	2	0	161.2628614	1.74966974	6405.390424	5
0	3	1	157.0268614	1.66711926	7316.139782	5
0	2	0	148.0788614	1.62230075	6558.876744	5
0	3	1	164.2388614	1.8256943	8714.931681	5
0	3	1	154.1508614	1.80718137	7312.855404	5
0	2	0	161.1868614	1.72477443	6760.364608	5
0	3	1	179.9028614	1.82415887	9869.987315	5
0	2	0	150.6608614	1.7647432	6041.304945	5
0	3	1	174.6508614	1.84123528	9831.743035	5
0	3	1	155.4308614	1.64090416	7442.470438	5
0	3	1	159.7568614	1.70701839	7929.071697	5
0	3	1	152.3708614	1.67820523	6924.095828	5
0	3	1	165.1728614	1.79608228	8123.28509	5
0	3	1	156.6048614	1.79458484	7836.867484	5
0	3	1	148.6908614	1.70954721	6028.281501	5
0	3	1	157.6648614	1.69811823	7705.120997	5
0	3	1	150.0888614	1.72276112	6256.096894	5
0	3	1	168.9608614	1.8331915	9456.09772	5
0	2	0	146.4008614	1.58842002	5818.681688	5
0	2	0	168.7708614	1.7817363	8563.050545	5
0	2	0	153.5288614	1.68838759	5951.875847	5
0	6	2	114.7188614	1.46045826	4695.095258	5
0	3	1	164.2888614	1.82201122	7826.249356	5
0	3	1	159.1528614	1.80745268	9255.027412	5
0	4	2	154.4388614	1.76976396	8250.638915	5
0	3	1	161.2048614	1.79896525	6392.075713	5
0	4	2	164.2148614	1.82401191	7819.851763	5
0	3	1	176.3948614	1.88344649	9628.850209	5
0	3	1	171.7898614	1.93226761	8982.256415	5
0	2	0	148.1288614	1.62776627	6230.010932	5
0	4	2	175.3468614	1.95831579	9890.350184	5
0	3	1	168.4568614	1.79740185	8899.883121	5
0	3	1	176.6688614	2.01951197	8371.920576	5
0	3	1	174.2788614	1.98406363	9116.313954	5
0	2	0	150.9068614	1.73502529	6092.586056	5
0	2	0	159.0448614	1.70800904	6636.697544	5
0	2	0	160.7248614	1.80924885	6880.07859	5
0	3	1	155.9528614	1.64872574	7043.909731	5
0	3	1	157.1768614	1.70913414	5932.052902	5
0	3	1	143.6048614	1.57447299	5483.127442	5
0	3	1	146.0448614	1.66535045	6194.822697	5
0	3	1	153.0568614	1.6261227	6476.269171	5
0	2	0	151.8998614	1.71127054	5926.192985	5
0	2	0	176.4128614	1.8959012	8599.266653	5
0	3	1	140.3128614	1.52236644	5668.756007	5
0	3	1	167.8028614	1.85811283	8587.880461	5
0	3	1	161.5668614	1.8230868	8481.510965	5
0	2	0	209.6908614	2.09925077	14252.11794	6
0	3	1	164.5528614	1.66851466	6735.737738	6
0	2	0	209.7988614	2.05551632	13672.51993	6
0	3	1	217.6228614	2.08492307	15740.51937	6
0	2	0	180.6798614	2.06876172	9746.836405	6
0	3	1	201.7348614	2.00950383	13699.03216	6
0	2	0	186.8088614	1.94511154	12189.99517	6
0	2	0	196.0468614	1.98913938	12145.22011	6
0	2	0	179.4488614	1.85712599	11172.93901	6
0	3	1	216.7618614	2.08753755	14591.28073	6
0	2	0	186.1888614	2.11965206	11926.4986	6
0	3	1	191.7708614	1.88229489	11819.86542	6
0	2	0	187.3788614	2.08778921	10873.17903	6
0	3	1	207.9708614	2.05000824	13458.90126	6
0	3	1	206.0108614	2.1450487	13672.7848	6
0	2	0	190.4308614	1.85239842	11344.82038	6
0	2	0	202.9268614	1.965788	13519.38882	6
0	3	1	224.4038614	2.27245103	16731.34825	6
0	3	1	221.4098614	2.25524821	16320.7544	6
0	2	0	195.1858614	2.01592333	12302.18838	6
0	2	0	180.0928614	2.03702507	9605.468984	6
0	3	1	201.0828614	2.07822224	13518.53666	6
0	3	1	201.7368614	2.12382195	13774.17085	6
0	2	0	194.8228614	1.93223847	11839.8299	6
0	2	0	184.9148614	1.93596978	11989.41159	6
0	3	1	189.9348614	1.85642433	11787.07655	6
0	2	0	190.3548614	1.99018455	10787.27554	6
0	3	1	169.8558614	1.95288811	9872.10531	6
0	2	0	188.7858614	1.83639684	12341.95966	6
0	2	0	179.4888614	1.77359218	10886.35837	6
0	2	0	178.9268614	2.07448242	9820.566203	6
0	3	1	210.4688614	2.02575229	15197.64924	6
0	2	0	166.4908614	1.63317496	6421.121349	6
0	2	0	197.5088614	2.02103976	12127.81384	6
0	3	1	192.2328614	1.95805559	12567.19436	6
0	3	1	186.6668614	1.91514383	11283.44457	6
0	3	1	218.9628614	2.30517184	16695.46779	6
0	2	0	199.9988614	1.97022427	11900.51624	6
0	3	1	196.1948614	2.06691739	12622.76346	6
0	2	0	201.5038614	2.03531269	12698.62604	6
0	3	1	215.3148614	2.16100379	15196.92999	6
0	3	1	209.5508614	2.24877236	14877.19004	6
0	2	0	176.8588614	1.88033644	9021.524961	6
0	2	0	213.3968614	2.17789238	14333.80086	6
0	2	0	186.2788614	1.76340537	10085.42643	6
0	3	1	211.0478614	2.1885686	15227.63659	6
0	2	0	191.9028614	2.23819842	11197.45949	6
0	3	1	194.4748614	2.00188244	12748.97861	6
0	2	0	189.9508614	2.15372878	11182.27663	6
0	3	1	189.8018614	1.7633157	11438.77821	6
0	2	0	192.5568614	1.92167826	11324.82093	6
0	3	1	183.8308614	1.85918964	10150.08381	6
0	2	0	188.1148614	1.83314224	11088.03714	6
0	2	0	174.2208614	2.02850543	9504.139244	6
0	3	1	192.0848614	2.13357714	11188.26744	6
0	3	1	215.2328614	2.10748553	14951.70856	6
0	2	0	175.8748614	1.9941302	9390.633908	6
0	3	1	183.8148614	1.83100068	11323.38392	6
0	2	0	216.8868614	2.15373142	15639.27045	6
0	3	1	178.7278614	1.93629926	9894.857728	6
0	2	0	191.1748614	2.06809934	11354.15991	6
0	2	0	180.2258614	1.94679396	11082.96233	6
0	2	0	157.4748614	1.85417344	8127.989723	6
0	2	0	178.8108614	2.05074318	9694.059784	6
0	2	0	203.4808614	1.96999349	13239.52595	6
0	3	1	212.0648614	1.9765875	14630.50074	6
0	3	1	193.6648614	1.90434653	13225.58061	6
0	3	1	205.4408614	2.00078727	14158.11916	6
0	3	1	198.5108614	2.00894863	12215.26643	6
0	3	1	187.7848614	1.85556786	12254.04003	6
0	3	1	210.6608614	2.1875135	15847.07312	6
0	3	1	205.3328614	2.13653424	14118.85041	6
0	3	1	179.6368614	1.81794197	10675.40951	6
0	2	0	186.4688614	2.01423065	10513.02172	6
0	3	1	191.1428614	2.03945705	13029.40532	6
0	3	1	206.9208614	2.38897816	13600.93712	6
0	3	1	190.8108614	2.15999308	12616.40894	6
0	2	0	195.0208614	1.94020721	12147.48414	6
0	2	0	189.4708614	2.1623047	10536.85474	6
0	3	1	190.4728614	1.93508918	11436.20232	6
0	2	0	204.0348614	1.9800269	13630.70529	6
0	2	0	184.3608614	1.91441292	9131.487764	6
0	3	1	219.3928614	2.21458342	14739.1078	6
0	3	1	212.2048614	2.18293838	15406.87538	6
0	2	0	191.6708614	2.08422034	10765.3357	6
0	2	0	194.5088614	1.99957165	11990.3379	6
0	2	0	193.6068614	2.09595004	13252.1844	6
0	2	0	152.5058614	1.66703412	6263.505386	6
0	3	1	192.2828614	1.98328371	12149.88239	6
0	2	0	177.7188614	1.82454725	9479.155257	6
0	3	1	185.6088614	1.83519227	11030.04952	6
0	3	1	206.3668614	1.99441361	13477.73289	6
0	3	1	196.4018614	2.01903189	12940.92033	6
0	3	1	169.8298614	1.71319085	9155.175602	6
0	3	1	208.0698614	2.10298181	14814.88334	6
0	3	1	199.3958614	1.94307337	13363.327	6
0	3	1	210.5188614	2.07639239	15091.80553	6
0	3	1	195.9798614	2.27604324	12642.13338	6
0	2	0	197.0628614	1.87822579	11408.92296	6
0	3	1	197.8328614	2.00986233	12181.28685	6
0	2	0	173.7908614	2.00145753	9241.17846	6
0	2	0	170.0198614	1.68520297	8105.99096	6
0	3	1	200.6288614	2.00852955	13305.85371	6
0	3	1	198.9088614	2.01168233	13538.29711	6
0	2	0	192.6888614	1.89359925	11999.51754	6
0	3	1	200.6528614	1.98150579	13896.45951	6
0	3	1	205.5408614	2.12287209	14013.70409	6
0	2	0	201.2068614	2.11971892	12258.61998	6
0	3	1	173.6828614	1.66395848	8841.968616	6
0	2	0	197.2128614	2.10422276	12509.4602	6
0	3	1	186.0388614	1.80967565	10115.29872	6
0	3	1	190.1088614	1.95693977	12037.73785	6
0	3	1	227.0688614	2.30538785	17080.82422	6
0	2	0	205.3248614	2.06860979	12950.39248	6
0	3	1	217.2908614	2.13149233	17242.28533	6
0	2	0	211.3208614	2.09845989	13706.8034	6
0	2	0	193.2688614	2.01926442	13516.47782	6
0	3	1	214.7368614	2.12449834	15319.35065	6
0	3	1	201.0168614	2.10454999	13094.21052	6
0	3	1	226.4628614	2.32190325	17572.19994	6
0	2	0	159.6338614	1.78143368	6340.380787	6
0	3	1	201.9348614	1.94022786	12500.56687	6
0	3	1	211.8008614	2.09803323	13733.63685	6
0	3	1	189.8028614	1.91467227	12044.22461	6
0	3	1	198.6008614	2.01115404	13512.77788	6
0	3	1	211.2548614	2.07731263	13534.03371	6
0	3	1	204.4168614	2.03368535	14748.10814	6
0	3	1	222.6188614	2.25147551	14513.1593	6
0	3	1	206.9548614	2.06666105	13778.0377	6
0	3	1	175.7348614	1.90247126	9847.824736	6
0	2	0	178.5388614	1.86408795	10124.72744	6
0	3	1	213.6448614	2.19338083	15399.36054	6
0	3	1	203.3488614	2.00936118	13495.20253	6
0	3	1	199.9668614	2.03949376	13436.64656	6
0	3	1	202.5388614	2.11322015	14753.5439	6
0	3	1	193.1698614	1.9194063	13072.87019	6
0	3	1	199.3888614	2.2250795	14037.38861	6
0	3	1	214.8848614	2.14854451	14945.8719	6
0	3	1	195.4668614	1.94585482	12046.50497	6
0	2	0	180.1428614	1.68550554	10686.6894	6
0	2	0	177.3308614	1.83892295	9223.048676	6
0	2	0	185.4128614	1.93984808	11749.9921	6
0	2	0	187.3868614	2.11952729	10299.71188	6
0	2	0	202.7608614	2.0235121	12496.36718	6
0	3	1	187.7688614	1.9591151	11744.77643	6
0	3	1	179.4308614	1.9213765	11732.82509	6
0	3	1	208.3848614	2.05283625	14716.93109	6
0	2	0	199.5948614	2.0108811	13193.45463	6
0	3	1	214.3558614	2.0826517	15228.18159	6
0	3	1	209.7328614	2.1252533	15496.20724	6
0	2	0	201.6128614	2.01838054	13667.14343	6
0	3	1	187.7768614	1.80419515	10927.11757	6
0	3	1	207.6488614	2.20926066	12900.52136	6
0	3	1	195.9548614	2.07600308	12586.80282	6
0	2	0	191.9288614	2.00664092	12731.33108	6
0	3	1	192.1088614	1.94918347	11871.42647	6
0	3	1	197.6108614	2.24785515	13660.70339	6
0	3	1	171.0128614	1.94846947	9400.383843	6
0	2	0	210.8088614	2.19202258	13242.9377	6
0	3	1	205.1838614	2.3571087	12791.59489	6
0	3	1	190.0748614	1.93860368	11141.53735	6
0	2	0	188.1328614	1.96023321	12290.77514	6
0	3	1	213.3708614	2.19932428	14820.64461	6
0	3	1	203.6208614	1.9725109	12767.03297	6
0	2	0	170.6648614	1.86974515	7974.71243	6
0	3	1	185.0628614	2.0213961	10928.3263	6
0	3	1	198.0228614	1.94014029	12364.96595	6
0	2	0	193.4168614	1.99364804	12062.67046	6
0	3	1	197.7748614	2.15862859	12291.34914	6
0	3	1	209.1128614	2.03171144	14793.93489	6
0	3	1	186.2468614	1.96211498	11315.08864	6
0	3	1	213.0988614	2.3002013	15243.97553	6
0	3	1	214.3558614	2.0826517	15228.18159	6
0	3	1	212.4708614	2.19004752	14876.7451	6
0	2	0	181.1428614	1.95669937	10845.71837	6
0	3	1	165.7858614	1.81492431	9300.109131	6
0	2	0	208.3688614	2.16518068	14598.33255	6
0	3	1	191.1598614	1.98636032	12188.13367	6
0	2	0	181.0848614	1.84691324	9637.593888	6
0	3	1	180.5488614	1.81437358	10620.2555	6
0	3	1	207.2608614	2.00658944	14217.78815	6
0	3	1	206.0208614	2.29729242	13819.73447	6
0	3	1	216.5968614	2.14554091	15700.4882	6
0	2	0	182.1348614	1.88365638	9684.053766	6
0	3	1	181.5588614	1.99059782	11738.89289	6
0	3	1	193.8208614	1.9093637	11318.94901	6
0	3	1	179.4808614	1.86626927	10479.96941	6
0	3	1	187.6688614	2.00959042	10700.89392	6
0	2	0	190.6698614	1.83199163	10589.77473	6
0	3	1	217.9868614	2.12550758	15088.92687	6
0	2	0	181.1928614	1.88792251	9893.580911	6
0	2	0	179.0768614	1.80647171	10529.91706	6
0	3	1	196.7568614	1.96852706	11902.35645	6
0	3	1	197.2788614	2.05412842	12679.95691	6
0	3	1	176.2388614	2.03134334	9681.489502	6
0	2	0	169.6068614	1.71643743	9130.225747	6
0	3	1	201.0328614	2.11788583	12879.36797	6
0	3	1	221.6588614	2.18227053	16295.56427	6
0	3	1	206.5988614	2.02416414	14745.69674	6
0	3	1	191.8948614	1.87109434	11377.51031	6
1	1	1	144.9948614	1.58493175	4479.01039	7
1	1	1	147.5828614	1.60006144	4292.745345	7
1	1	1	159.5168614	1.50836574	5529.822439	7
1	1	1	167.2728614	1.59247747	5751.337094	7
1	1	1	133.8128614	1.55537559	3787.03556	7
1	1	1	139.4528614	1.33218413	3490.171798	7
1	1	1	137.3768614	1.47853051	3882.010465	7
1	1	1	130.7038614	1.3445426	3161.165244	7
1	1	1	140.1888614	1.4904666	3541.766622	7
1	1	1	137.8728614	1.32934276	3504.253132	7
1	1	1	142.7208614	1.5989611	4312.91426	7
1	1	1	151.1628614	1.54274267	4900.632511	7
1	1	1	133.3408614	1.39123225	3276.395058	7
1	1	1	171.9968614	1.78602449	6515.445589	7
1	1	1	137.0468614	1.44278607	3381.939491	7
1	1	1	171.3268614	1.61912983	6641.598612	7
1	1	1	171.9468614	1.76645935	6143.414859	7
1	1	1	138.7248614	1.51639468	3861.449762	7
1	1	1	135.0448614	1.33936477	3242.808674	7
1	1	1	152.5288614	1.46213728	4580.154276	7
1	1	1	149.6348614	1.54236423	4258.511802	7
1	1	1	141.5288614	1.5355598	3979.06929	7
1	1	1	135.5748614	1.4373337	4073.644988	7
1	1	1	161.7828614	1.62993224	5845.270941	7
1	1	1	135.1108614	1.38527945	3389.102913	7
1	1	1	136.6488614	1.4674947	3665.44948	7
1	1	1	136.0208614	1.39002657	3244.831236	7
1	1	1	141.4628614	1.42794667	3822.61863	7
1	1	1	142.0168614	1.47872341	4026.338356	7
1	1	1	130.2148614	1.31778667	2707.995327	7
1	1	1	141.6618614	1.54849889	4162.402067	7
1	1	1	133.6968614	1.49082372	3368.277093	7
1	1	1	134.1108614	1.38792057	3158.131629	7
1	1	1	137.2208614	1.50904525	3737.864996	7
1	1	1	143.0268614	1.61388531	4249.885793	7
1	1	1	135.6488614	1.46206249	3736.662912	7
1	1	1	157.6808614	1.58961946	5287.677612	7
1	1	1	133.9208614	1.56462053	3808.021317	7
1	1	1	141.3468614	1.40100191	3372.372194	7
1	1	1	144.8048614	1.53627337	4127.367857	7
1	1	1	162.7908614	1.70551713	5963.337205	7
1	1	1	134.9628614	1.37740821	3387.866166	7
1	1	1	143.3328614	1.55628436	4119.686803	7
1	1	1	149.2448614	1.5657604	4420.081123	7
1	1	1	161.2028614	1.66942096	5656.882778	7
1	2	2	149.8908614	1.65976986	4528.578862	7
1	1	1	154.8848614	1.45157654	4985.377018	7
1	1	1	128.1808614	1.30308544	2349.582604	7
1	1	1	138.2618614	1.46997902	3464.45338	7
1	1	1	136.7908614	1.38433641	3384.28946	7
1	1	1	129.6288614	1.37332605	2862.955699	7
1	1	1	148.4508614	1.62392874	4380.418535	7
1	1	1	139.2708614	1.62295516	3932.185128	7
1	1	1	135.7328614	1.3395812	3411.370174	7
1	1	1	132.4648614	1.34315235	3124.956408	7
1	1	1	133.3828614	1.53482146	3755.549532	7
1	1	1	135.1688614	1.54385606	3889.058587	7
1	1	1	156.9528614	1.68554271	5663.024169	7
1	1	1	133.8208614	1.40007623	3309.147418	7
1	1	1	140.2648614	1.51071276	4096.720409	7
1	1	1	150.4288614	1.51073307	4752.267346	7
1	1	1	138.3608614	1.35315224	3787.671292	7
1	1	1	132.9948614	1.39818192	3345.732634	7
1	2	1	139.8508614	1.4581583	3524.816504	7
1	1	1	164.3888614	1.72583335	5683.979284	7
1	1	1	136.2948614	1.45423959	3827.672983	7
1	1	1	138.8988614	1.39582395	3744.705281	7
1	1	1	137.0228614	1.34655623	3593.774748	7
1	1	1	131.2988614	1.42246366	3277.275536	7
1	1	1	150.2048614	1.641882	4521.846761	7
1	1	1	146.6248614	1.57806292	4312.652687	7
1	1	1	133.9208614	1.56462053	3808.021317	7
1	1	1	136.2948614	1.45423959	3827.672983	7
1	1	1	142.9928614	1.44062648	4567.220105	7
1	1	1	134.5988614	1.52122142	3870.753021	7
1	1	1	138.5588614	1.4826443	3905.883497	7
1	1	1	132.9608614	1.41968233	3583.983013	7
1	1	1	136.0968614	1.43880912	3489.152834	7
1	1	1	133.2008614	1.46483651	3366.476376	7
1	1	1	140.4038614	1.63060254	3943.380566	7
1	1	1	131.5048614	1.51447201	3631.004541	7
1	1	1	130.6788614	1.33456011	2708.419536	7
1	1	1	137.3448614	1.54729711	4140.009071	7
1	1	1	146.1028614	1.51713982	4197.467961	7
1	1	1	149.5348614	1.51428165	4363.931375	7
1	1	1	131.0008614	1.50242061	3353.847736	7
1	1	1	133.6888614	1.41633887	3347.27832	7
1	1	1	160.1448614	1.52548619	5962.293154	7
1	1	1	141.9748614	1.46831777	3893.038859	7
1	1	1	133.3588614	1.37003378	3378.034885	7
1	1	1	134.9208614	1.55901769	3429.917439	7
1	1	1	140.4948614	1.44622392	3752.246386	7
1	1	1	138.9068614	1.38108633	3649.431492	7
1	1	1	130.9428614	1.51432263	3510.701878	7
1	1	1	138.7828614	1.45600128	3590.409352	7
1	1	1	143.2988614	1.43278582	4600.991649	7
1	1	1	140.3288614	1.51917282	3909.114125	7
1	1	1	136.6908614	1.46901063	3634.575642	7
1	1	1	131.5968614	1.33868202	3078.477817	7
1	2	2	159.5988614	1.60895529	5502.827209	7
1	1	1	130.7028614	1.38372883	3153.25485	7
1	1	1	134.2108614	1.30630049	3064.863624	7
1	1	1	155.0088614	1.65391432	5159.228493	7
1	1	1	139.0388614	1.39019185	3757.750943	7
1	1	1	160.0048614	1.70844316	5346.433307	7
1	1	1	138.7008614	1.47779849	3694.513743	7
1	1	1	134.9708614	1.42891341	3370.497447	7
1	1	1	146.0028614	1.66759858	4613.043155	7
1	1	1	138.5028614	1.44410334	3744.579494	7
1	1	1	135.0448614	1.48398812	3865.489708	7
1	1	1	151.7428614	1.60309246	5137.84819	7
1	1	1	136.9388614	1.45077032	3536.37416	7
1	1	1	140.5948614	1.54850494	3612.776887	7
1	1	1	147.1938614	1.46438996	3982.201795	7
1	1	1	142.3728614	1.53903581	4074.165662	7
1	1	1	131.5548614	1.40066222	3258.891919	7
1	1	1	133.7808614	1.44509656	3121.224259	7
1	1	1	162.2868614	1.57395839	5573.324353	7
1	1	1	127.0808614	1.32501159	2986.684377	7
1	1	1	133.8628614	1.42018678	3675.347469	7
1	1	1	141.9508614	1.52998726	4273.277504	7
1	1	1	137.6168614	1.41190611	3772.102425	7
1	1	1	136.9888614	1.41295889	3650.416823	7
1	1	1	157.7708614	1.50116153	5613.315099	7
1	1	1	131.8868614	1.36766818	3046.965225	7
1	1	1	134.8388614	1.44283857	3505.648025	7
1	1	1	136.7408614	1.36979881	3674.613336	7
1	1	1	138.6508614	1.45160792	3776.501007	7
1	1	1	131.2908614	1.24146523	2419.457886	7
1	1	1	139.3868614	1.45730756	3729.174202	7
1	1	1	126.5108614	1.44142697	3470.609932	7
1	1	1	144.5648614	1.36852057	4335.968751	7
1	1	1	144.7128614	1.46924272	4203.445812	7
1	1	1	135.5248614	1.43477852	3419.240362	7
1	1	1	151.8908614	1.55629567	4766.838427	7
1	1	1	166.5468614	1.84848215	6782.349521	7
1	1	1	145.8808614	1.63179211	4727.127674	7
1	1	1	148.6988614	1.58319407	4722.321164	7
0	2	0	138.7328614	1.39770777	3486.447016	7
1	1	1	169.5308614	1.62888417	6107.114766	7
1	1	1	140.2148614	1.38978175	3632.041577	7
1	1	1	131.9608614	1.49864106	3091.3223	7
1	1	1	131.9108614	1.34013465	2746.513927	7
1	1	1	140.0728614	1.38923209	3528.483327	7
1	1	1	135.8388614	1.38093659	3486.654776	7
1	1	1	130.8528614	1.43034624	3260.08949	7
1	1	1	138.4608614	1.41126221	3502.29951	7
1	1	1	139.6188614	1.38558598	3607.862021	7
1	1	1	154.2228614	1.54201036	4594.759907	7
1	1	1	145.4828614	1.59626934	4437.112998	7
1	1	1	141.9828614	1.50103561	3979.9499	7
1	1	1	161.5008614	1.57379406	5848.755866	7
1	1	1	155.6708614	1.47034744	5679.536968	7
1	1	1	134.0528614	1.36455343	3101.21277	7
1	1	1	142.5208614	1.32191229	3435.96684	7
1	1	1	145.6628614	1.51462457	3993.685699	7
1	1	1	148.1628614	1.62322103	4515.299677	7
1	1	1	133.5648614	1.42920617	3456.270609	7
1	1	1	134.7968614	1.34022251	3433.305405	7
0	3	1	182.0698614	1.91811019	9708.534719	7
1	1	1	144.1428614	1.51014693	4200.747655	7
1	1	1	150.8748614	1.7024405	4716.158306	7
1	1	1	152.4048614	1.62034524	5243.267754	7
1	1	1	131.3488614	1.49290105	3110.505475	7
1	1	1	134.4988614	1.44755578	3773.011581	7
1	1	1	144.1088614	1.48243901	4300.67317	7
1	1	1	141.8108614	1.49086498	3927.745016	7
1	1	1	133.2168614	1.50802474	3542.638111	7
1	1	1	134.6328614	1.50953883	3598.942779	7
1	1	1	140.3868614	1.54857648	3944.362536	7
1	1	1	137.0128614	1.43150424	3631.859403	7
1	1	1	136.8728614	1.41841498	3703.130347	7
1	1	1	146.4908614	1.4413508	3786.027658	7
1	1	1	142.0418614	1.51882173	4052.288104	7
1	1	1	135.1868614	1.35766009	3049.169759	7
1	1	1	133.1268614	1.33697184	2968.131873	7
1	1	1	139.3128614	1.42647903	3833.659194	7
1	1	1	140.2148614	1.44817052	3921.898227	7
1	1	1	132.4328614	1.47328017	3333.168392	7
1	1	1	131.5568614	1.43054341	3499.257465	7
1	1	1	131.8948614	1.52919226	3291.400747	7
1	1	1	141.1648614	1.45215426	3939.097143	7
1	1	1	144.9948614	1.58255732	4458.557371	7
1	1	1	130.3808614	1.48673376	3279.727211	7
1	1	1	167.1828614	1.64294572	5841.681693	7
1	1	1	131.6048614	1.50069104	3172.705144	7
1	1	1	139.2148614	1.61542547	4018.886646	7
1	1	1	133.6228614	1.33687952	3103.297143	7
1	1	1	137.9308614	1.35301858	3194.798349	7
1	1	1	139.1888614	1.36124998	3415.757077	7
1	1	1	135.2608614	1.49546662	3592.353529	7
1	1	1	157.6808614	1.49690314	5409.010126	7
1	1	1	135.1688614	1.43811647	3426.276997	7
1	1	1	162.5528614	1.71011471	5769.388313	7
1	1	1	135.7228614	1.48024982	3505.5015	7
1	1	1	138.7748614	1.481761	3734.586274	7
1	1	1	129.8268614	1.35271915	2943.229821	7
1	1	1	152.2888614	1.62605599	5557.811709	7
1	1	1	147.8548614	1.42392473	3669.320722	7
1	1	1	134.1528614	1.50653883	3872.733546	7
0	2	0	138.7848614	1.62563547	4338.716587	8
0	2	0	144.3988614	1.68559181	5173.811508	8
0	2	0	182.9788614	1.85176333	8128.646826	8
0	2	0	158.0188614	1.69453658	6276.701355	8
0	2	0	153.7028614	1.75410835	5498.001636	8
0	2	0	175.7008614	1.89375448	7733.443267	8
0	2	0	142.7448614	1.59047386	4396.193842	8
0	2	0	171.0868614	1.88290775	7781.404533	8
0	2	0	152.7428614	1.69396273	5537.45145	8
0	3	1	162.7168614	1.74365681	5910.438166	8
0	2	0	168.2828614	1.78409644	6781.212295	8
0	2	0	155.7868614	1.65278434	5409.070897	8
0	2	0	160.1868614	1.68993087	5803.083754	8
0	2	0	154.3148614	1.79368086	6255.514276	8
0	2	0	164.3868614	1.86538265	6616.864859	8
0	2	0	156.4148614	1.87295175	6110.753781	8
0	2	0	146.7308614	1.67044565	5143.934668	8
0	3	1	151.1968614	1.76797594	5503.03986	8
0	2	0	165.3148614	1.87288504	6989.193932	8
0	2	0	172.8148614	1.83864757	7520.915095	8
0	2	0	151.9488614	1.70369035	5481.279909	8
0	2	0	148.6408614	1.6371232	4923.796397	8
0	2	0	148.4588614	1.70829928	5631.359601	8
0	3	1	154.1008614	1.76009138	5673.020915	8
0	2	0	149.0708614	1.69158409	5162.241482	8
0	2	0	170.8708614	1.89500751	7771.979905	8
0	2	0	150.2448614	1.83238954	5601.368331	8
0	2	0	162.8988614	1.84999492	6739.807393	8
0	2	0	155.6708614	1.67909143	5771.403754	8
0	2	0	167.1908614	1.78902002	7505.717974	8
0	3	1	151.3868614	1.75518298	5791.839752	8
0	2	0	154.2648614	1.70036216	5804.513685	8
0	3	1	169.2588614	1.76962316	7795.440367	8
0	2	0	147.4748614	1.66540847	5107.881513	8
0	2	0	147.6328614	1.62108631	5048.215818	8
0	3	1	173.6748614	1.81579301	7754.129402	8
0	2	0	143.1568614	1.64047994	4602.78002	8
0	2	0	163.9648614	1.92223541	6905.209731	8
0	3	1	161.5508614	1.81135048	7658.608567	8
0	2	0	168.6468614	1.78167533	6602.766567	8
0	2	0	142.0908614	1.63911952	4859.757671	8
0	2	0	165.9828614	1.77865492	6568.861082	8
0	2	0	148.2768614	1.83252366	5463.703246	8
0	2	0	149.6828614	1.64235265	5062.765658	8
0	2	0	164.3208614	1.82802565	7234.665223	8
0	2	0	150.0388614	1.66655239	5114.151769	8
0	2	0	136.2128614	1.56608359	3804.180776	8
0	2	0	139.5108614	1.6229847	4802.081171	8
0	3	1	149.3528614	1.74641367	5238.074186	8
0	2	0	181.2168614	1.96908165	8213.626702	8
0	2	0	154.0168614	1.64805209	5139.937308	8
0	2	0	150.3448614	1.67646183	5191.939089	8
0	2	0	152.1808614	1.87359386	6067.469846	8
0	2	0	150.5588614	1.76812711	5307.033963	8
0	2	0	141.9088614	1.63021891	4761.696756	8
0	2	0	152.1228614	1.60598117	5428.167873	8
0	2	0	145.9288614	1.56488784	4618.575608	8
0	2	0	170.2928614	1.9277278	7822.51754	8
0	2	0	153.8428614	1.8177535	5702.682759	8
0	2	0	156.2168614	1.80661035	5682.88196	8
0	2	0	173.4508614	2.02994122	8111.686893	8
0	2	0	145.4488614	1.65450406	5280.832954	8
0	2	0	155.8108614	1.76521233	5783.671312	8
0	2	0	151.6008614	1.77728655	5366.174052	8
0	2	0	149.7328614	1.62217366	4621.767825	8
0	2	0	165.8188614	1.74934705	7206.800154	8
0	2	0	151.6928614	1.73973269	5907.466223	8
0	2	0	149.5208614	1.89772546	7289.736604	8
0	2	0	145.1668614	1.6945568	5025.357106	8
0	2	0	157.4568614	1.78530053	6707.976019	8
0	2	0	157.7868614	1.77476389	5487.846081	8
0	2	0	145.0768614	1.56140243	4603.182278	8
0	2	0	152.7428614	1.62625047	5287.995946	8
0	2	0	151.6848614	1.63133475	5022.429939	8
0	2	0	154.7448614	1.81728649	6011.443644	8
0	2	0	151.0728614	1.71153458	5379.308241	8
0	2	0	171.4908614	1.96516824	7399.497323	8
0	2	0	148.9968614	1.47865381	4450.292723	8
0	2	0	161.1868614	1.87995206	6490.322959	8
0	2	0	151.2048614	1.63450881	5107.93271	8
0	2	0	158.7388614	1.73777798	6341.384316	8
0	2	0	144.5388614	1.64817752	4699.553636	8
0	2	0	153.8768614	1.63949229	5399.077699	8
0	2	0	152.3708614	1.6446998	5102.279936	8
0	2	0	175.8908614	1.96439131	7440.402551	8
0	2	0	160.7988614	1.73313643	6475.968172	8
0	2	0	167.6708614	1.79029646	6451.14901	8
0	2	0	169.2588614	1.93480783	7679.001231	8
0	2	0	151.7008614	1.72422032	5305.917686	8
0	2	0	156.2248614	1.72460097	5599.429706	8
0	2	0	164.6928614	1.79086278	7149.216992	8
0	2	0	171.3588614	1.79652123	7385.297999	8
0	2	0	144.6548614	1.65220215	5119.477231	8
0	3	1	163.6268614	1.80769797	7304.594738	8
0	2	0	150.9648614	1.71169198	5378.153104	8
0	2	0	154.8188614	1.68725815	5429.365208	8
0	2	0	153.9508614	1.81584668	5858.313683	8
0	2	0	156.4148614	1.85630296	5837.602998	8
0	2	0	165.0568614	1.81516331	7636.315451	8
0	3	1	152.3788614	1.7696761	5600.139191	8
0	2	0	148.7568614	1.70888729	5074.981024	8
0	3	1	166.5048614	1.74804813	7388.362408	8
0	2	0	176.8008614	1.83715458	7854.619245	8
0	3	1	161.5188614	1.76423078	6808.958115	8
0	2	0	154.8188614	1.70257397	5592.53361	8
0	2	0	149.7408614	1.66066967	5272.361447	8
0	2	0	146.7968614	1.68080562	5290.632432	8
0	2	0	151.3868614	1.73336055	5417.69733	8
0	3	1	153.7108614	1.74142101	5741.904542	8
0	2	0	167.8028614	1.90878438	6848.912428	8
0	3	1	150.8008614	1.61363939	5583.441335	8
0	2	0	146.1848614	1.6288026	4934.952439	8
0	2	0	148.9888614	1.72738051	5284.601928	8
0	2	0	158.0368614	1.67903174	6097.384825	8
0	2	0	155.5968614	1.67584498	5590.624059	8
0	2	0	151.2048614	1.74864777	5467.945396	8
0	2	0	164.2888614	1.75923336	7185.352359	8
0	2	0	153.0568614	1.79902264	6496.403962	8
0	2	0	164.5528614	1.75324051	6549.033872	8
0	2	0	167.0908614	1.88541847	7108.826104	8
0	2	0	158.2428614	1.69084114	6450.001211	8
0	3	1	149.3528614	1.74641367	5238.074186	8
0	3	1	163.5608614	1.79056635	6611.494089	8
0	2	0	151.6268614	1.66747091	5034.63378	8
0	2	0	169.5888614	1.80304291	7834.897663	8
0	2	0	151.6348614	1.6343642	5188.516297	8
0	2	0	159.5408614	1.77623117	7222.245272	8
0	2	0	172.1028614	1.87983721	7773.638677	8
0	2	0	163.3548614	1.9560531	6661.612236	8
0	3	0	151.1388614	1.77647857	5758.678756	8
0	2	0	157.1588614	1.67088905	5314.059776	8
0	2	0	173.4428614	1.87489928	7663.136511	8
0	2	0	154.7868614	1.72464672	5859.667364	8
0	2	0	171.7888614	1.96858312	7881.51558	8
0	2	0	176.6848614	1.99367517	8019.092088	8
0	2	0	149.5668614	1.64732211	5125.744353	8
0	2	0	153.4048614	1.72822555	5576.294043	8
0	2	0	164.6688614	1.78662416	6406.445856	8
0	2	0	147.7888614	1.61912361	4827.525901	8
0	2	0	149.2528614	1.61816722	5040.41472	8
0	3	1	169.3328614	1.93248312	7978.350447	8
0	2	0	164.9908614	1.83977609	7325.332902	8
0	2	0	160.1028614	1.7082663	5459.909319	8
0	2	0	164.2558614	1.72923382	5534.869802	8
0	2	0	147.2688614	1.62697994	4890.223053	8
0	2	0	163.9568614	1.74938773	7541.671635	8
0	2	0	165.9008614	1.77649494	7074.891389	8
0	2	0	145.7048614	1.55687133	4794.74799	8
0	2	0	148.8808614	1.71601283	5248.51333	8
0	3	1	164.9828614	1.93920025	8268.120006	8
0	2	0	158.4008614	1.6757831	5618.883059	8
0	2	0	153.5288614	1.69874589	5613.870729	8
0	2	0	150.7008614	1.66617383	5275.072765	8
0	3	1	158.3748614	1.77294169	6822.504922	8
0	2	0	154.9928614	1.72829064	5654.590735	8
0	2	0	148.0288614	1.65063663	5120.638273	8
0	2	0	150.5348614	1.60388471	5077.808816	8
0	2	0	184.5988614	1.92210034	7624.827763	8
0	2	0	166.2148614	1.74985756	7366.939967	8
0	3	1	161.8148614	1.79180657	7290.581565	8
0	2	0	149.3528614	1.58452432	4844.883902	8
0	2	0	154.0908614	1.68689446	5242.932566	8
0	2	0	167.9188614	1.81919688	7143.929038	8
0	2	0	147.2848614	1.71781047	5360.558664	8
0	2	0	163.3288614	1.84444499	6493.591741	8
0	2	0	164.0148614	1.71361993	6765.264567	8
0	2	0	154.5788614	1.73592314	5632.260445	8
0	2	0	151.9988614	1.6217982	5346.720564	8
0	2	0	151.2708614	1.61750536	4878.17347	8
0	2	0	167.4888614	1.89751472	7774.274672	8
0	2	0	159.1688614	1.80471178	6686.468148	8
0	2	0	153.8348614	1.78810157	5658.90103	8
0	2	0	158.4828614	1.72847982	6313.478862	8
0	3	1	170.9788614	1.84690817	7395.695911	8
0	2	0	153.6528614	1.66219229	5307.170667	8
0	2	0	149.2708614	1.60072622	5011.899493	8
0	3	1	177.6448614	2.05961888	8540.495366	8
0	2	0	165.4948614	1.88253051	7756.242588	8
0	2	0	179.2568614	1.96982729	8722.854512	8
0	2	0	149.0548614	1.67521649	5008.420685	8
0	2	0	184.7228614	2.02835398	8516.526479	8
0	2	0	149.3768614	1.60070677	5019.134661	8
0	2	0	155.0508614	1.70902573	5522.524233	8
0	2	0	171.4168614	1.80462257	7635.354659	8
0	2	0	159.0128614	1.71765182	5416.057025	8
0	2	0	148.2028614	1.68037547	5132.458296	8
0	2	0	158.7968614	1.72037109	5638.379721	8
0	2	0	156.8208614	1.78096884	5914.955645	8
0	2	0	150.7828614	1.74965857	5262.351145	8
0	3	1	162.7418614	1.78160042	6573.338199	8
0	3	1	157.2668614	1.8248978	6479.274489	8
0	3	1	153.8348614	1.62405498	5670.608973	8
0	2	0	154.9428614	1.70393763	5473.071078	8
0	3	1	150.0388614	1.74397872	6081.528557	8
0	2	0	156.1508614	1.81502163	5879.715664	8
0	2	0	159.9628614	1.8720876	6483.969784	8
0	2	0	147.9128614	1.65452163	4736.962853	8
0	2	0	157.2168614	1.7083004	5667.700234	8
0	2	0	171.2768614	1.89221276	7905.111696	8
0	3	1	148.8728614	1.63718462	5111.118269	8
2	0	2	134.5648614	1.26323125	1841.434062	9
1	1	1	122.9788614	1.14313026	1721.758291	9
2	0	2	137.9388614	1.25261627	2444.598327	9
2	0	2	137.4268614	1.33919768	2618.793923	9
2	0	2	141.0648614	1.35068492	2055.06725	9
2	0	2	136.7328614	1.28643582	2217.582095	9
2	0	2	126.6428614	1.2686423	2121.958963	9
2	0	2	135.5248614	1.258384	1997.329911	9
2	0	2	126.0638614	1.2799029	1997.840212	9
2	0	2	121.4248614	1.23843143	1917.771659	9
2	0	2	131.8928614	1.28069329	1846.363407	9
2	0	2	135.2928614	1.2658668	1992.687702	9
1	1	1	134.3248614	1.28540972	2131.003237	9
2	0	2	130.5788614	1.22310658	1619.730951	9
2	0	2	128.9738614	1.33927138	1957.849352	9
2	0	2	134.5398614	1.24185991	2050.496219	9
1	1	1	190.9428614	1.97740916	8075.116096	9
2	0	2	133.5568614	1.26502603	1872.546277	9
2	0	2	143.9678614	1.4314055	2188.281562	9
2	0	2	134.2588614	1.30989019	1879.321131	9
2	0	2	132.2168614	1.36282786	1843.309384	9
2	0	2	132.1998614	1.26434746	2081.769746	9
2	0	2	135.5908614	1.26795778	2172.984231	9
2	0	2	129.5208614	1.20722176	2127.84117	9
2	0	2	127.3788614	1.27682048	1909.905917	9
2	0	2	138.2128614	1.33418051	2691.372088	9
2	0	2	139.1308614	1.3391276	2498.09638	9
2	0	2	129.4388614	1.28060289	1817.131759	9
2	0	2	137.3188614	1.27573303	1898.09921	9
2	0	2	136.8968614	1.38097298	2133.624807	9
2	0	2	134.8048614	1.2564722	1864.701871	9
2	0	2	131.3728614	1.22918934	1777.64522	9
2	0	2	125.5348614	1.27124294	1763.870384	9
2	0	2	132.9518614	1.35599714	2153.698582	9
2	0	2	136.7068614	1.29852731	2043.126189	9
2	0	2	130.8848614	1.36281359	2055.450086	9
2	0	2	132.0758614	1.34355469	1913.776024	9
2	0	2	137.1528614	1.38178957	2300.605046	9
2	0	2	133.8788614	1.2631017	2044.167616	9
2	0	2	128.3388614	1.33630385	2415.063802	9
2	0	2	132.8278614	1.36730147	2099.973355	9
2	0	2	125.3928614	1.22338948	1671.228645	9
1	1	1	190.5388614	1.87703213	8102.434476	9
2	0	2	133.2088614	1.34034596	2283.56162	9
2	0	2	134.8618614	1.25563345	2222.223344	9
2	0	2	126.6508614	1.30112057	1923.825353	9
2	0	2	133.0848614	1.32982522	1885.387383	9
2	0	2	134.3668614	1.30626471	1958.665971	9
2	0	2	134.3508614	1.33495923	1932.024219	9
2	0	2	139.7008614	1.31509154	2066.564689	9
2	0	2	132.8868614	1.29650434	2076.596079	9
2	0	2	140.5528614	1.3136376	2327.407319	9
2	0	2	131.6708614	1.37380805	1992.527073	9
2	0	2	135.5828614	1.35563674	2055.996931	9
2	0	2	132.7208614	1.26642228	1747.685781	9
2	0	2	132.9448614	1.30096649	1951.218327	9
2	0	2	139.0468614	1.39289912	2362.858659	9
2	0	2	128.9248614	1.32978351	1922.10832	9
2	0	2	128.3708614	1.32762388	1816.484394	9
2	0	2	128.7758614	1.32032727	1830.49453	9
2	0	2	136.9548614	1.29357047	2256.301916	9
2	0	2	135.8628614	1.3408642	2162.956277	9
2	0	2	140.5698614	1.40285859	2524.030891	9
2	0	2	134.2248614	1.40237535	2234.114623	9
2	0	2	125.6008614	1.22541882	1749.440546	9
2	0	2	135.2838614	1.40670215	2188.462527	9
2	0	2	130.8928614	1.33412538	1668.25292	9
2	0	2	120.1268614	1.40830239	2450.887635	9
2	0	2	135.0948614	1.35160669	2031.048631	9
2	0	2	142.4788614	1.44562536	2618.490293	9
2	0	2	135.5168614	1.32216381	1963.822806	9
2	0	2	135.9128614	1.2765927	2114.62544	9
2	0	2	135.7728614	1.32229105	2157.832651	9
2	0	2	137.0548614	1.36607095	2099.035964	9
2	0	2	130.7268614	1.23613214	1855.233811	9
2	0	2	136.1028614	1.27979694	1938.760646	9
2	0	2	139.0138614	1.42529655	2520.049956	9
2	0	2	130.4308614	1.26875402	1916.95008	9
2	0	2	126.9808614	1.28094346	1651.017993	9
2	0	2	130.9668614	1.32882179	1835.493177	9
2	0	2	131.3308614	1.35009514	2183.603608	9
2	0	2	127.2548614	1.28370749	2108.481483	9
2	0	2	123.9378614	1.23998234	1710.51752	9
2	0	2	133.2508614	1.35025017	2140.450321	9
2	0	2	128.7848614	1.20167433	1649.756224	9
2	0	2	130.1988614	1.23811481	1786.454317	9
2	0	2	131.8778614	1.36757485	2079.67875	9
2	0	2	149.7828614	1.43830766	3298.129044	9
2	0	2	131.1488614	1.34554645	2211.306863	9
2	0	2	132.4228614	1.28431884	1909.576262	9
2	0	2	130.5788614	1.3080711	1888.410905	9
1	1	1	204.3488614	2.03554218	8672.428438	9
2	0	2	133.1258614	1.34898353	2289.727102	9
2	0	2	129.5948614	1.34571988	1765.41119	9
2	0	2	136.1028614	1.32392787	1866.865532	9
2	0	2	132.0098614	1.33853879	2065.702851	9
2	0	2	126.8588614	1.40042317	2670.501968	9
2	0	2	137.9308614	1.40038634	2457.486553	9
2	0	2	137.6328614	1.44094995	2371.636337	9
2	0	2	139.3368614	1.32576532	2369.105419	9
2	0	2	132.0098614	1.31908348	1899.841952	9
2	0	2	134.4328614	1.31315952	2298.117079	9
1	1	1	180.7968614	1.9304486	8700.297025	9
2	0	2	141.0978614	1.38492251	2532.448181	9
2	0	2	129.9838614	1.34070646	2249.368104	9
2	0	2	125.5928614	1.28010513	2104.69712	9
2	0	2	135.0528614	1.26501366	2251.761894	9
2	0	2	136.8308614	1.31852606	1918.847286	9
2	0	2	136.2028614	1.33124748	2239.219527	9
2	0	2	131.4968614	1.31149144	2063.889277	9
2	0	2	131.4728614	1.23901675	1861.615988	9
2	0	2	123.9388614	1.28092716	1828.756603	9
2	0	2	131.7788614	1.27281798	2035.183902	9
2	0	2	134.4248614	1.24749462	2128.876791	9
2	0	2	125.7748614	1.27945715	1791.271365	9
2	0	2	131.3068614	1.26455827	1984.421895	9
2	0	2	129.0328614	1.33988404	1740.098977	9
2	0	2	130.0668614	1.25043221	1909.789703	9
2	0	2	135.5328614	1.28883802	1940.111926	9
2	0	2	128.7928614	1.35026054	1961.917926	9
2	0	2	128.6268614	1.34388769	1933.915092	9
2	0	2	137.2438614	1.35283878	2252.597869	9
2	0	2	132.0348614	1.29990646	1753.743028	9
2	0	2	134.0688614	1.24893064	1891.984879	9
2	0	2	135.3008614	1.25698521	1848.147037	9
2	0	2	126.0388614	1.2665911	1692.114899	9
2	0	2	132.1508614	1.28472158	2083.884381	9
2	0	2	127.6348614	1.25658769	2098.88005	9
2	0	2	132.9028614	1.34154079	1871.073825	9
1	1	1	131.7958614	1.30552867	2636.675607	9
2	0	2	132.4388614	1.35431029	1942.15511	9
2	0	2	130.0828614	1.23142699	1876.733282	9
2	0	2	133.3168614	1.38063283	2400.049867	9
2	0	2	131.9348614	1.29576922	2035.777483	9
2	0	2	136.2768614	1.39815813	2337.219067	9
2	0	2	128.9588614	1.21941422	1778.346774	9
2	0	2	138.2788614	1.36387388	2915.485172	9
2	0	2	136.9548614	1.28780844	2010.754617	9
2	0	2	138.6348614	1.36322519	2542.039593	9
2	1	3	128.6688614	1.2690884	1728.209448	9
2	0	2	132.9948614	1.30856114	2065.998751	9
2	0	2	131.9528614	1.25909403	2395.103975	9
2	0	2	133.0608614	1.34227661	2114.702755	9
2	0	2	140.4198614	1.34761779	2450.191202	9
2	0	2	126.4938614	1.27684741	1847.042501	9
2	0	2	130.5128614	1.23549757	1776.552172	9
2	0	2	132.2738614	1.29129617	2050.732829	9
2	0	2	133.4748614	1.24136825	2036.58768	9
2	0	2	132.0268614	1.25764356	2090.139034	9
2	0	2	139.8168614	1.46280829	2377.896613	9
2	0	2	127.8088614	1.33442633	1988.104822	9
2	0	2	134.3078614	1.35833441	2068.635969	9
2	0	2	138.4438614	1.417581	2797.936673	9
2	0	2	131.9188614	1.36523545	1860.011587	9
2	0	2	125.8318614	1.25420761	1852.241551	9
2	0	2	122.4508614	1.38839036	2048.900414	9
2	0	2	128.6688614	1.19214384	1902.619483	9
2	0	2	131.5548614	1.32708455	2967.872238	9
2	0	2	125.0468614	1.35373288	2248.211841	9
2	0	2	134.7468614	1.29542463	1750.978168	9
2	0	2	131.2568614	1.25605077	1709.866945	9
2	0	2	126.5278614	1.30505987	2250.359111	9
2	0	2	129.2968614	1.3291854	1907.43411	9
2	0	2	133.3988614	1.29455002	2121.614274	9
2	0	2	135.4088614	1.39201741	2407.18951	9
2	0	2	131.2328614	1.27428462	1785.374617	9
2	0	2	129.5288614	1.27913545	1872.963289	9
2	0	2	128.6768614	1.28658651	1777.753184	9
2	0	2	136.1288614	1.32496875	2154.672999	9
2	0	2	140.3048614	1.44139202	2519.99986	9
2	0	2	136.0208614	1.309194	1782.998221	9
2	0	2	138.9728614	1.30896745	2188.831933	9
2	0	2	132.3908614	1.28781974	1863.827867	9
2	0	2	129.5628614	1.25288387	2117.851821	9
2	0	2	128.2548614	1.32821063	1889.027063	9
2	0	2	125.9568614	1.28633661	1810.839013	9
2	0	2	131.1988614	1.33987062	2094.817373	9
2	0	2	132.7368614	1.38587858	1963.767182	9
2	0	2	133.9118614	1.37845993	1917.921424	9
1	1	1	133.4478614	1.22136335	2124.816323	9
2	0	2	129.4048614	1.33029565	2059.806534	9
2	0	2	132.8368614	1.2778046	1836.407664	9
2	0	2	133.1348614	1.3139409	1880.996046	9
2	1	3	141.7268614	1.37618245	2574.034752	9
2	0	2	125.8568614	1.23234674	1721.659503	9
2	0	2	136.7478614	1.36386259	2222.478423	9
2	0	2	128.5288614	1.26079063	2036.148964	9
2	0	2	133.0688614	1.3527768	1753.588754	9
2	0	2	136.0198614	1.34077358	2164.1778	9
2	0	2	134.0188614	1.26583927	1898.301427	9
2	0	2	133.2668614	1.29326905	1878.885378	9
2	0	2	131.3648614	1.28550499	1949.705089	9
2	0	2	133.2588614	1.2523588	1958.511863	9
2	0	2	125.3688614	1.26306796	2031.281448	9
2	0	2	138.0958614	1.45687641	2212.692582	9
2	0	2	127.9908614	1.19361284	1837.066641	9
2	0	2	139.3528614	1.32970482	2039.979949	9
2	0	2	134.4318614	1.29692309	2001.014145	9
2	0	2	131.7528614	1.28544052	1788.366626	9
2	0	2	122.5238614	1.20995903	1654.651707	9
1	1	1	134.6328614	1.50953883	3598.942779	10
1	1	1	136.9388614	1.45077032	3536.37416	10
1	1	1	161.7828614	1.62993224	5845.270941	10
1	1	1	133.4908614	1.47363529	3724.809452	10
1	1	1	166.5468614	1.84848215	6782.349521	10
1	1	1	127.2308614	1.41761572	2834.117472	10
1	1	1	135.2608614	1.49546662	3592.353529	10
1	1	1	134.3748614	1.4146561	3335.647878	10
1	1	1	133.8628614	1.42018678	3675.347469	10
1	1	1	137.6168614	1.41190611	3772.102425	10
1	1	1	138.8168614	1.51061103	3958.131954	10
1	1	1	138.6508614	1.45160792	3776.501007	10
1	1	1	145.4828614	1.59626934	4437.112998	10
1	1	1	134.1108614	1.38792057	3158.131629	10
1	1	1	143.3328614	1.55628436	4119.686803	10
1	1	1	137.3768614	1.47853051	3882.010465	10
1	1	1	149.5348614	1.51428165	4363.931375	10
1	1	1	139.1888614	1.36124998	3415.757077	10
1	1	1	143.2988614	1.43278582	4600.991649	10
1	1	1	128.4698614	1.40429778	3095.057527	10
1	1	1	134.9208614	1.55901769	3429.917439	10
1	1	1	150.8748614	1.7024405	4716.158306	10
1	1	1	131.7788614	1.4213884	3017.269037	10
1	1	1	133.8208614	1.40007623	3309.147418	10
1	1	1	133.6888614	1.41633887	3347.27832	10
1	1	1	157.6808614	1.58961946	5287.677612	10
1	1	1	147.8548614	1.42392473	3669.320722	10
1	1	1	128.7758614	1.36718467	2948.401601	10
1	1	1	142.5888614	1.61934016	4173.608132	10
1	1	1	133.8128614	1.43599822	3300.499158	10
1	1	1	151.7428614	1.60309246	5137.84819	10
1	1	1	133.6228614	1.33687952	3103.297143	10
1	1	1	171.5168614	1.62457617	6554.344946	10
1	1	1	139.0968614	1.4502967	3412.500862	10
1	1	1	134.4328614	1.36222755	3336.496211	10
1	1	1	137.9888614	1.41385378	3551.972457	10
1	1	1	153.5628614	1.6455635	4823.132617	10
1	1	1	138.0888614	1.46502154	3653.943895	10
1	1	1	162.2868614	1.57395839	5573.324353	10
1	1	1	148.6988614	1.58319407	4722.321164	10
1	1	1	145.8808614	1.63179211	4727.127674	10
1	1	1	137.7588614	1.43243758	3896.595359	10
1	1	1	129.5368614	1.28157246	3024.629928	10
1	1	1	141.8108614	1.49086498	3927.745016	10
1	1	1	141.4868614	1.40586513	3506.943928	10
1	1	1	135.0288614	1.41466194	3033.30714	10
1	2	2	159.5988614	1.60895529	5502.827209	10
1	1	1	136.2528614	1.45901906	3523.050061	10
1	1	1	144.8048614	1.53627337	4127.367857	10
1	1	1	162.7908614	1.70551713	5963.337205	10
1	1	1	133.1268614	1.33697184	2968.131873	10
1	1	1	142.9928614	1.44062648	4567.220105	10
1	1	1	161.2028614	1.66942096	5656.882778	10
1	2	1	139.8508614	1.4581583	3524.816504	10
1	1	1	140.2148614	1.38978175	3632.041577	10
1	1	1	137.0388614	1.37888338	3360.468494	10
0	3	1	180.3408614	1.97426373	10788.4084	10
1	1	1	129.3308614	1.29150411	2478.487674	10
1	1	1	138.8408614	1.47613486	3995.812068	10
1	1	1	134.9708614	1.42891341	3370.497447	10
1	1	1	134.7968614	1.34022251	3433.305405	10
1	1	1	129.8268614	1.35271915	2943.229821	10
1	1	1	144.9948614	1.58255732	4458.557371	10
1	1	1	130.8948614	1.48533163	3634.474219	10
1	1	1	153.0828614	1.54921299	5036.120711	10
1	1	1	135.7728614	1.43740405	3501.144668	10
1	1	1	128.1808614	1.30308544	2349.582604	10
1	1	1	138.2708614	1.49799681	4050.590448	10
1	1	1	137.6088614	1.43282595	3886.525414	10
1	1	1	141.5288614	1.5355598	3979.06929	10
1	1	1	177.4708614	1.76232239	6732.361475	10
1	1	1	140.4948614	1.44622392	3752.246386	10
1	1	1	157.7708614	1.50116153	5613.315099	10
1	1	1	133.3588614	1.37003378	3378.034885	10
1	1	1	145.6628614	1.51462457	3993.685699	10
1	1	1	130.3808614	1.48673376	3279.727211	10
1	1	1	156.9528614	1.68554271	5663.024169	10
1	1	1	136.8888614	1.41004362	3564.512916	10
1	1	1	136.7908614	1.38433641	3384.28946	10
1	1	1	141.9828614	1.50103561	3979.9499	10
1	1	1	150.4288614	1.51073307	4752.267346	10
1	1	1	138.2618614	1.46997902	3464.45338	10
1	1	1	130.2148614	1.31778667	2707.995327	10
1	1	1	134.6728614	1.34065608	2783.463557	10
1	1	1	123.2368614	1.40070069	2867.356515	10
1	1	1	164.8008614	1.58343745	5914.604864	10
1	1	1	154.8848614	1.45157654	4985.377018	10
1	1	1	141.4628614	1.42794667	3822.61863	10
1	1	1	131.5968614	1.33868202	3078.477817	10
1	1	1	134.1448614	1.46413418	3608.452753	10
1	1	1	141.3468614	1.40100191	3372.372194	10
1	1	1	138.4608614	1.41126221	3502.29951	10
1	1	1	133.9208614	1.56462053	3808.021317	10
1	1	1	146.3508614	1.56377391	4257.202425	10
1	1	1	136.9888614	1.41295889	3650.416823	10
1	1	1	142.0168614	1.47872341	4026.338356	10
1	1	1	155.0088614	1.65391432	5159.228493	10
1	1	1	140.2648614	1.51071276	4096.720409	10
1	1	1	132.5228614	1.48941457	3423.617981	10
1	1	1	139.8508614	1.53563586	4077.83686	10
1	1	1	148.1288614	1.68498948	4755.585078	10
1	1	1	133.5648614	1.42920617	3456.270609	10
1	1	1	130.5788614	1.44148907	3346.083932	10
1	1	1	135.0708614	1.43707381	3605.527977	10
1	1	1	138.5768614	1.44290507	3575.016364	10
1	1	1	143.7368614	1.3731089	3940.943157	10
1	1	1	137.9308614	1.35301858	3194.798349	10
0	3	1	186.3128614	1.95060617	11687.23977	10
1	1	1	135.3268614	1.37573161	2986.026595	10
1	1	1	133.8128614	1.55537559	3787.03556	10
1	1	1	131.9108614	1.34013465	2746.513927	10
1	1	1	135.1028614	1.46475598	3662.653051	10
1	1	1	130.7028614	1.44285794	3076.358131	10
1	1	1	138.7248614	1.51639468	3861.449762	10
1	1	1	142.3728614	1.53903581	4074.165662	10
1	1	1	130.8528614	1.43034624	3260.08949	10
1	1	1	140.6108614	1.54750212	4022.354174	10
1	1	1	132.4728614	1.41956528	3442.718957	10
1	1	1	151.1628614	1.54274267	4900.632511	10
1	1	1	135.5748614	1.4373337	4073.644988	10
1	1	1	140.4038614	1.63060254	3943.380566	10
1	1	1	150.3608614	1.50339582	4641.723604	10
1	1	1	143.0268614	1.61388531	4249.885793	10
1	1	1	138.9068614	1.38108633	3649.431492	10
1	1	1	141.9748614	1.46831777	3893.038859	10
1	1	1	144.9948614	1.58493175	4479.01039	10
1	1	1	141.2568614	1.56657965	4140.395264	10
1	1	1	145.8628614	1.36702261	4350.236175	10
1	1	1	159.3588614	1.61584912	5586.482263	10
1	1	1	148.4508614	1.62392874	4380.418535	10
1	1	1	135.1688614	1.53881899	3747.219262	10
1	2	2	149.8908614	1.65976986	4528.578862	10
1	1	1	133.3828614	1.53482146	3755.549532	10
1	1	1	133.5648614	1.34908708	3301.989829	10
1	1	1	138.6508614	1.42063672	3690.079426	10
1	1	1	128.2308614	1.30955987	2741.03901	10
1	1	1	161.5008614	1.57379406	5848.755866	10
1	1	1	144.5148614	1.56564297	3954.637728	10
1	1	1	142.0988614	1.50649966	3962.68766	10
1	1	1	149.6348614	1.54236423	4258.511802	10
1	1	1	135.9548614	1.41656929	3366.193694	10
1	1	1	130.9268614	1.23732838	2435.214416	10
1	1	1	144.7128614	1.46924272	4203.445812	10
1	1	1	135.7228614	1.48024982	3505.5015	10
1	1	1	137.2208614	1.50904525	3737.864996	10
0	2	0	177.7528614	1.94886912	9450.666318	10
1	1	1	138.5588614	1.4826443	3905.883497	10
1	1	1	134.6888614	1.33831772	3260.97243	10
1	1	1	136.8728614	1.41841498	3703.130347	10
1	1	1	134.9288614	1.32197322	3476.298443	10
1	1	1	128.5948614	1.28335053	2595.600228	10
0	2	0	195.8648614	2.06200339	8714.098781	10
0	2	0	183.9068614	1.97643888	9575.16658	10
1	1	1	131.6868614	1.47302106	3127.842539	10
0	2	0	138.7328614	1.39770777	3486.447016	10
1	1	1	134.5988614	1.52122142	3870.753021	10
1	1	1	135.1868614	1.35766009	3049.169759	10
1	1	1	137.1868614	1.45033254	3740.476333	10
1	1	1	137.5028614	1.40333102	3465.855896	10
1	1	1	152.5288614	1.46213728	4580.154276	10
1	1	1	127.3708614	1.46442424	3225.833473	10
1	1	1	134.4828614	1.302759	2915.846549	10
1	1	1	146.4908614	1.4413508	3786.027658	10
1	1	1	127.0808614	1.32501159	2986.684377	10
1	1	1	134.7808614	1.42489643	3456.046833	10
1	1	1	137.0468614	1.44278607	3381.939491	10
1	1	1	129.3068614	1.37770942	2787.453038	10
1	1	1	149.2948614	1.5022031	4784.061922	10
1	1	1	133.8788614	1.34623139	3355.432675	10
1	1	1	138.7748614	1.481761	3734.586274	10
1	1	1	133.2008614	1.46483651	3366.476376	10
1	1	1	128.3548614	1.33194156	2880.566016	10
1	1	1	138.7828614	1.45600128	3590.409352	10
1	1	1	134.8148614	1.39520631	3344.928005	10
1	1	1	132.1588614	1.51445037	3409.961788	10
1	1	1	138.7168614	1.39488035	3507.900758	10
1	1	1	147.7068614	1.55069769	4393.090846	10
1	1	1	135.9968614	1.44487207	3362.541425	10
1	1	1	135.0448614	1.33936477	3242.808674	10
1	1	1	131.8868614	1.36766818	3046.965225	10
1	1	1	140.5128614	1.51670387	3837.232096	10
1	1	1	150.5928614	1.49449261	5004.589369	10
1	1	1	154.2228614	1.54201036	4594.759907	10
1	1	1	132.9608614	1.41968233	3583.983013	10
1	1	1	138.1788614	1.42905917	3696.041719	10
1	1	1	139.2148614	1.61542547	4018.886646	10
1	1	1	139.6188614	1.38558598	3607.862021	10
1	1	1	142.9928614	1.52135919	4346.464588	10
1	1	1	135.6488614	1.46206249	3736.662912	10
1	1	1	137.0228614	1.34655623	3593.774748	10
1	1	1	138.7008614	1.47779849	3694.513743	10
1	1	1	130.0428614	1.36430803	2948.697092	10
1	1	1	153.2568614	1.66774773	5103.719867	10
1	1	1	159.2688614	1.58353623	5357.082343	10
1	1	1	139.8828614	1.47572881	3902.319985	10
1	1	1	157.4988614	1.65579375	5326.025889	10
1	1	1	152.4048614	1.62034524	5243.267754	10
1	1	1	134.6728614	1.54198735	3766.763222	10
1	1	1	142.9268614	1.42638097	4118.32732	10
1	1	1	133.9208614	1.56462053	3808.021317	10
